####NODES####
344,LEAVE,128,0.281464769597,0.54548056646
345,LEAVE,4,0.466674193567,0.439080623598
346,LEAVE,0,0.303399434712,0.411666819111
347,LEAVE,196,-0.212411442551,0.412128625082
341,LEAVE,85,-0.0802399445221,0.367199019095
342,LEAVE,108,-0.210154012249,0.464075157982
343,LEAVE,162,-0.312690118544,0.460722318807
348,SUM
2318,LEAVE,145,0.360300002972,-0.0278059509595
2317,LEAVE,53,-0.818488769077,-0.00210859012591
2315,PRD
2313,SUM
2311,PRD
298,LEAVE,184,-0.0607922487611,0.469169016253
299,LEAVE,242,0.0820225197735,0.31600949
296,PRD
294,LEAVE,184,0.211782927039,0.000650165648507
293,LEAVE,242,-0.0449499216091,0.420453018553
291,PRD
270,LEAVE,99,0.0207189635318,0.494975534117
272,PRD
274,LEAVE,99,2.57740004095,-0.00807539980046
275,LEAVE,120,-0.258487427992,0.345493976901
277,PRD
279,LEAVE,99,-0.79127363587,-0.0442602432899
2269,PRD
2262,SUM
2260,LEAVE,33,-0.212498720574,0.472089700916
2261,LEAVE,123,-0.171419133673,0.117976004627
2266,LEAVE,221,0.3508080296,0.616760557792
2267,LEAVE,97,-0.333770751781,0.878643548043
2264,PRD
2443,PRD
1781,PRD
2445,LEAVE,176,-0.352509018548,0.611297078035
2448,PRD
108,LEAVE,163,-0.190351313225,0.438756905222
109,LEAVE,47,-0.256836812151,0.623299420141
100,LEAVE,80,3.4471477635,0.264057916327
101,LEAVE,107,0.204781497744,0.449926647591
106,LEAVE,202,-0.130545457399,0.458020571779
107,LEAVE,10,0.0300559604476,0.338119091392
104,LEAVE,111,0.26269245237,0.52011754036
105,LEAVE,28,0.210010661938,0.522616355058
2047,SUM
2044,LEAVE,79,-0.282420317328,-0.0078657765709
2043,LEAVE,238,0.0957971603122,0.450893958475
2041,PRD
2049,PRD
1001,LEAVE,139,-0.204765416443,0.474066365061
2689,LEAVE,30,1.5900821461,1.3338584774
2684,LEAVE,169,-0.278219467252,0.501640956613
2685,SUM
2687,PRD
2680,LEAVE,92,-0.119556570252,0.543381953556
2681,LEAVE,147,-0.566601581237,-0.0070550642823
98,PRD
91,LEAVE,80,1.66359643789,1.35116172512
90,LEAVE,107,0.090871830327,0.469761541826
93,PRD
95,LEAVE,80,3.92180797,0.0932446738
96,LEAVE,107,0.200572285369,0.521105844131
1991,LEAVE,166,0.101813216193,-0.00619309275182
1990,LEAVE,83,-0.189271045375,0.569998637703
1620,LEAVE,209,0.118829227032,0.00599885164742
1627,LEAVE,69,-0.207022990235,0.504771680567
1626,LEAVE,175,-1.42461007415,0.822757321411
1625,LEAVE,68,-0.234885464981,0.607261585558
1996,LEAVE,156,-0.321323433297,0.575618943963
1999,LEAVE,35,-0.0373790200017,0.397564555748
1998,LEAVE,219,-0.229386043359,0.442144791555
1629,LEAVE,95,0.0527851126967,0.438228770113
1628,LEAVE,126,-0.298721927121,0.430560961147
559,LEAVE,76,-0.415292712335,0.560008093915
558,LEAVE,132,-0.29152840045,0.498483680071
554,SUM
556,PRD
550,LEAVE,198,-0.0520899496401,0.118390688815
553,LEAVE,219,-0.259893184486,0.44672992791
1199,LEAVE,109,0.542260029887,-0.00371436463435
1191,LEAVE,119,-0.357026204589,0.443457825054
1190,LEAVE,109,0.0247635330681,0.249502239648
1193,PRD
1195,SUM
1197,PRD
1757,LEAVE,103,0.118162537278,-0.00891839992373
1756,LEAVE,172,-0.108079763884,0.557420278062
1754,PRD
1752,LEAVE,172,0.341234724694,0.341892662556
1751,LEAVE,103,0.4095,-0.0471290232167
1176,PRD
1174,SUM
1172,PRD
1170,SUM
1179,LEAVE,119,-1.82832445085,-0.00388575621041
1178,LEAVE,109,1.40822906239,-0.00934478327533
511,LEAVE,9,-0.0519479045921,0.180716106465
513,LEAVE,210,-0.000754898528149,0.31858513296
1285,LEAVE,123,-0.110623138735,0.171000031072
1284,LEAVE,14,0.498575700125,0.413048627022
512,LEAVE,216,0.0244974715102,0.397765217236
1280,LEAVE,14,0.817102265849,0.265915353338
1282,PRD
1003,LEAVE,137,0.108501325463,0.506116169784
879,SUM
1289,LEAVE,3,-0.216051333197,0.488123272574
1288,LEAVE,61,0.190877157436,0.488979812433
1579,LEAVE,158,-0.331979485539,-0.0343477606745
1578,LEAVE,32,-0.272126024231,0.411852767609
688,LEAVE,232,-0.269010951396,0.546519745658
1573,LEAVE,32,-0.346308379097,0.397881435695
687,LEAVE,12,-0.540251782994,0.419376847938
680,PRD
683,LEAVE,232,-0.292891126366,0.407011144666
682,LEAVE,12,-0.393579573751,0.188083346675
1227,PRD
621,PRD
873,LEAVE,212,-0.434049720865,0.401277975882
626,PRD
407,LEAVE,144,-0.0167542046,0.42331059862
406,LEAVE,55,-0.0146344115449,0.627991830826
1373,LEAVE,108,-0.358015401149,-0.0371039983067
404,PRD
1374,SUM
401,LEAVE,241,0.118947387573,0.400096196678
1376,PRD
1379,LEAVE,224,-0.039829152788,-0.0417411580456
1378,LEAVE,63,-0.086608659673,0.531590320718
1219,PRD
1342,LEAVE,38,0.0877064580744,0.475475164337
409,PRD
1242,LEAVE,48,-0.07499899772,0.133972335231
454,LEAVE,37,0.386317771975,0.357153371516
379,LEAVE,224,0.320666683156,0.54786349931
378,LEAVE,165,-0.0116542169406,0.29448454121
371,LEAVE,165,0.0911026430093,0.463455410473
372,LEAVE,224,-0.0726247562895,0.121088493204
376,PRD
393,LEAVE,96,-0.219154710608,0.542705019609
392,LEAVE,146,-0.218476933183,0.522877149994
390,PRD
397,LEAVE,96,-0.277950576483,0.247101315863
395,PRD
398,LEAVE,146,-0.218043094277,0.399659635878
2309,LEAVE,145,0.136656657632,-0.0240866415212
2308,LEAVE,53,0.0395109520657,0.519281565621
2301,LEAVE,183,-0.219804843432,0.497742228704
2300,LEAVE,46,-0.182153154967,0.447133189697
2303,LEAVE,87,0.0430194643146,0.503514371378
2302,LEAVE,52,-0.178194429991,0.517395374905
2304,SUM
2306,PRD
244,SUM
246,PRD
241,LEAVE,247,-0.279524216262,0.622703956099
240,LEAVE,172,0.211129130821,0.412850237321
243,LEAVE,191,0.114941083043,0.404022566582
242,LEAVE,21,0.311115352306,0.518557825868
249,LEAVE,87,0.199954547602,0.282021975667
248,LEAVE,223,-0.125400404342,0.134931732746
2275,LEAVE,170,-0.036099431688,0.499095512553
2276,SUM
2271,LEAVE,97,-0.279860120614,0.44311870424
2272,LEAVE,221,0.166896064171,0.359140703211
2278,PRD
2459,LEAVE,1,0.173034515382,0.478051282629
2458,LEAVE,18,-0.276266728068,0.572525993324
2455,LEAVE,229,-0.226017412368,0.488086009536
2454,LEAVE,96,-0.180704424084,0.469688415257
2457,LEAVE,195,-0.00208348116207,0.413629885257
2456,LEAVE,246,-0.210708982246,0.416655939116
2451,LEAVE,216,-0.124532001206,-0.0414462333683
2450,LEAVE,176,-0.318350517584,0.610891048554
178,LEAVE,98,0.196523781169,0.61527766297
177,LEAVE,58,0.133008056086,0.652026726822
175,PRD
173,LEAVE,98,-0.114255974602,-0.0218967380327
172,LEAVE,58,-0.00338415606005,-0.00753172530491
170,PRD
2051,LEAVE,235,-0.332188396517,-0.00717610921595
1502,LEAVE,162,-0.335800143535,0.519270089279
2052,LEAVE,154,-0.936603716181,0.00562392984377
2054,PRD
2056,SUM
2058,PRD
654,LEAVE,59,1.38013937251,-0.006125935369
1507,LEAVE,4,0.636305635479,0.311341533485
1505,PRD
1601,LEAVE,21,0.113971888385,0.347143459759
2699,LEAVE,30,3.95443751626,0.081696068584
1600,LEAVE,209,1.36398932461,-0.00615741275774
2697,PRD
2695,LEAVE,30,3.34386105065,0.402734919109
2694,LEAVE,234,0.0918603281965,0.236328916029
2692,PRD
2690,LEAVE,234,-0.012460899674,0.433911535985
1607,PRD
1969,PRD
1619,LEAVE,21,0.314977501046,0.541618636045
1964,LEAVE,141,0.312670734881,0.327776761796
1617,PRD
1966,LEAVE,88,0.0797423458909,0.530436592134
1967,SUM
1612,PRD
1961,LEAVE,84,0.0172506307078,0.435918585006
1962,LEAVE,71,0.306601720313,0.553927034649
1963,LEAVE,8,-0.167902966672,0.422374454213
2542,LEAVE,11,0.130432036447,0.641255876525
1769,LEAVE,157,-0.470369141015,-0.036342676213
1762,PRD
1760,SUM
1767,PRD
1764,LEAVE,89,-0.0707495504881,0.514826387382
1765,LEAVE,157,0.178482157776,0.489273818974
1142,PRD
1140,SUM
1147,PRD
1144,LEAVE,24,0.255068136091,0.514796971936
1145,LEAVE,225,-1.52020504499,-0.0345921631386
1149,SUM
769,LEAVE,157,0.00906259331477,0.52013429999
692,LEAVE,12,-0.090018190414,0.564062508228
693,LEAVE,232,-0.273703988845,0.413693724978
1544,LEAVE,13,-0.0744734538306,0.508783504361
696,SUM
1543,LEAVE,171,0.246936729447,0.474313392916
1541,PRD
698,PRD
1548,LEAVE,171,0.413228665222,0.640301795321
1549,LEAVE,13,-0.15613031967,0.323130135217
542,PRD
540,SUM
547,PRD
544,LEAVE,198,-0.0121651580228,0.426899520645
545,LEAVE,22,0.193779763161,0.493276539308
549,LEAVE,22,0.297500157556,0.306879550658
766,PRD
764,LEAVE,103,-0.307633301355,0.429275622913
2388,LEAVE,181,0.166939690418,0.550653638971
414,PRD
416,LEAVE,55,0.318006072695,0.320506223744
417,LEAVE,144,0.0479541885846,0.584515135686
1388,LEAVE,63,-0.179228087261,0.578063262891
1389,LEAVE,224,0.299282421033,0.545727127039
412,LEAVE,144,-0.0584996504149,0.191030802044
1384,LEAVE,224,0.17798302444,0.00171308568551
1386,PRD
1381,PRD
1383,LEAVE,63,-0.485287056629,-0.0289329846238
1254,PRD
2446,LEAVE,216,-0.0297607038517,0.458794032207
2438,LEAVE,176,-0.77501104414,0.00740621468536
369,PRD
366,LEAVE,165,0.659373306135,0.24059417308
367,LEAVE,224,0.37449437965,0.530056247676
364,PRD
362,LEAVE,224,0.12085266963,0.558780147136
361,LEAVE,165,-1.03915747531,-0.0284642582032
382,LEAVE,245,0.0623528688325,0.400470047399
383,SUM
385,PRD
387,LEAVE,146,-0.133980781308,0.524606643653
388,LEAVE,96,0.0019435994865,-0.01693014717
2190,SUM
2192,PRD
259,LEAVE,40,-0.120843079577,0.347503218198
2194,LEAVE,115,0.0179089289553,-0.00287677901156
2195,LEAVE,78,0.110486989166,0.441113246502
2196,LEAVE,215,0.0959762621363,0.386021048965
2198,PRD
253,LEAVE,223,-0.0502711144333,0.451435844399
251,PRD
257,LEAVE,86,0.0908617282637,0.369033224207
254,LEAVE,87,0.109764392213,0.511975372835
2200,LEAVE,78,0.210865485635,0.61817361789
2201,LEAVE,215,0.148901725507,0.47215455584
2202,LEAVE,115,0.0904922901145,-0.00308756077952
2204,PRD
2206,LEAVE,115,-0.1661,-0.0155417290678
2207,SUM
2209,PRD
2428,LEAVE,176,-0.846305918136,-0.0178531053096
2429,LEAVE,216,-1.19469449648,0.00858609846307
2420,LEAVE,176,-0.22511211931,0.00596916834278
2422,PRD
2424,SUM
2426,PRD
901,LEAVE,124,0.255263405047,0.490723583538
168,LEAVE,98,1.64449247774,-0.0318924770255
165,PRD
167,LEAVE,58,-0.878766851407,-0.0131585843548
161,PRD
163,SUM
2518,LEAVE,62,-0.243548502412,0.489481072806
2519,LEAVE,76,-0.269110891527,0.563946100052
2514,LEAVE,185,0.00697332962663,-0.014520612098
2517,LEAVE,245,0.0822802424482,0.409064721811
1841,SUM
2513,LEAVE,168,-0.843985519713,-0.0213420370653
2734,LEAVE,220,0.039524999079,0.441790927301
2735,LEAVE,58,-0.19164631732,0.478669376649
2730,LEAVE,138,0.376238082498,0.298320285601
2731,LEAVE,142,0.0914775649216,0.272429319353
2732,LEAVE,146,-0.235190087419,0.157713338843
2733,LEAVE,223,-0.083163045185,0.400546162047
678,SUM
1814,LEAVE,39,0.680178031544,-0.0285221470045
1816,PRD
1811,PRD
1813,LEAVE,9,-1.90803193237,-0.017882090902
1818,LEAVE,39,-0.00479123806688,0.350675112676
1819,LEAVE,9,-0.233473369481,0.331776666202
1609,LEAVE,21,0.275010942305,0.564128472887
1979,PRD
1977,LEAVE,83,-0.236883044011,0.49985931423
1976,LEAVE,166,-0.0363955375627,0.537647042915
1603,PRD
1974,PRD
1605,SUM
1972,LEAVE,166,-0.0325874171174,-0.00513884985633
1971,LEAVE,83,1.48972569027,0.356529617294
808,PRD
803,PRD
801,SUM
806,LEAVE,157,0.0824817065378,0.508829418715
805,LEAVE,44,0.228558391718,0.00373508187652
1774,SUM
1776,PRD
1770,LEAVE,89,-0.146582024069,0.519806447751
1773,LEAVE,75,-1.28933126047,0.768071469277
1779,SUM
1778,LEAVE,107,-0.547189604514,-0.0186770584419
608,LEAVE,173,-0.124259414231,-0.0263389072307
1159,LEAVE,225,-1.92938231264,0.410794560429
1158,LEAVE,24,0.428929174802,0.550507657309
1154,LEAVE,225,-1.03736900195,0.837260973527
1156,PRD
1151,PRD
1153,LEAVE,24,0.296810275642,0.538160892589
58,PRD
1553,LEAVE,27,0.085593035849,0.438933822506
1552,LEAVE,160,0.017199197728,0.374763702316
1554,SUM
1556,PRD
1559,LEAVE,158,-0.128088901727,0.568233766874
1558,LEAVE,32,-0.173026240195,0.527241141427
56,SUM
50,PRD
53,LEAVE,84,0.159003062811,0.130824153099
52,LEAVE,149,-0.0219068731852,0.522031080467
537,LEAVE,240,-0.0874272255414,0.354847364983
536,LEAVE,231,0.167373354579,0.506576175694
533,LEAVE,90,-0.0873782997349,0.434623121502
532,LEAVE,188,0.0567555613637,0.519021465388
530,PRD
539,LEAVE,1,0.133887976833,0.460668223716
538,LEAVE,166,-0.041085514462,0.449096205791
429,LEAVE,37,-0.0722256471949,0.598791709047
428,LEAVE,235,-0.00745947807937,0.478167101051
1398,SUM
1397,LEAVE,197,-0.298378934274,0.706041400643
1396,LEAVE,74,0.217468796344,0.538218332629
1395,LEAVE,242,-0.000477252557228,0.441927550086
1394,LEAVE,222,0.18264233001,0.447988467035
424,SUM
426,PRD
2182,LEAVE,133,-0.1499,-0.0442473012061
2181,LEAVE,244,-0.0248116280451,0.408883974983
2187,LEAVE,133,-0.485174566284,0.164465507652
2186,LEAVE,244,-0.0622431646666,0.416353465201
2184,PRD
226,LEAVE,233,-0.351528928049,0.274965163133
225,LEAVE,54,0.512868505772,0.281700228441
223,PRD
221,SUM
220,LEAVE,217,-0.0566938510319,0.350771968509
2212,LEAVE,215,0.145099495645,0.337236511806
2211,LEAVE,78,0.597796698227,0.431772508048
2217,LEAVE,215,-0.0211011722321,0.58794267425
2216,LEAVE,78,0.372923739927,0.436160283194
2214,PRD
2219,PRD
151,LEAVE,180,2.85421845703,1.32284046453
150,LEAVE,170,0.0223982121278,0.436157518318
153,LEAVE,175,-1.54871121722,0.717834089169
152,LEAVE,213,-0.189346510124,0.413423928303
154,SUM
156,PRD
159,LEAVE,58,-0.248516337447,0.407708417818
158,LEAVE,98,-0.0700652275472,0.290229747297
2431,PRD
2436,PRD
2434,LEAVE,216,0.149142066683,0.623847526391
2236,PRD
2509,LEAVE,168,-2.00846590084,-0.0148028337714
2508,LEAVE,185,0.702231804927,-0.0148127198043
2506,PRD
2504,LEAVE,185,-0.000854871531159,0.443812797336
2503,LEAVE,168,-0.164853258239,0.573234589388
2501,PRD
2727,LEAVE,55,0.476316383985,-0.0286553413415
2726,LEAVE,236,0.105497477296,0.380558873366
2724,PRD
2722,LEAVE,236,0.144447339407,0.510017868238
2721,LEAVE,55,0.148432390161,0.626853343096
1807,LEAVE,57,0.0892166309667,0.535758120955
1806,LEAVE,165,0.113844419559,0.481024349354
1803,LEAVE,65,0.145425990852,0.376969481095
1802,LEAVE,106,-0.510846194856,0.00316230078509
1801,LEAVE,107,-0.232695881563,0.137893806324
1809,SUM
1808,LEAVE,190,-0.100407498832,0.375238234948
1949,PRD
1942,LEAVE,128,-0.4212,-0.0514133338
1941,LEAVE,28,-0.0440306515231,-0.0300827184403
1947,SUM
818,PRD
810,LEAVE,44,1.60467559724,-0.0102403025121
811,LEAVE,157,-0.170783688292,0.570229630316
813,PRD
815,LEAVE,44,-0.0411557799969,0.417326213569
816,LEAVE,157,0.154838139277,0.48579018506
1490,LEAVE,155,2.58638559567,0.000948009258141
421,LEAVE,121,0.346372446233,0.548798655062
1492,PRD
1494,LEAVE,239,0.447097594915,-0.00692749803491
1495,LEAVE,155,0.0406116914529,0.590511411657
420,LEAVE,70,-0.000628260379257,0.426276529001
1498,LEAVE,116,-0.0369756288169,0.118437086804
1499,LEAVE,149,-0.267740684309,0.508791942903
423,LEAVE,56,-0.324983511897,0.539347734207
1700,PRD
1702,LEAVE,113,-0.6701,-0.0403651477448
1703,LEAVE,121,-0.103599993174,-0.0333671009053
1705,PRD
1707,LEAVE,113,-0.4127,-0.0421810282408
1708,LEAVE,121,0.449199999988,-0.0150066642019
1128,LEAVE,183,-0.13893577669,0.602127516201
1120,PRD
1122,LEAVE,75,-1.8820815899,-0.0392648369945
1123,LEAVE,183,-0.356407467081,0.414459343861
1125,PRD
1127,LEAVE,75,-0.141466271424,0.536964057031
525,PRD
527,LEAVE,90,-0.170086910987,0.190102319375
1018,LEAVE,30,3.5405549658,-0.0199931442291
1019,LEAVE,178,0.2152917309,0.51537642823
522,LEAVE,176,-0.329861289395,0.551684226505
523,SUM
1014,LEAVE,178,0.178378849622,0.518280039133
1016,PRD
528,LEAVE,188,0.127876894483,0.402859310105
1011,PRD
1013,LEAVE,30,3.89287652459,0.102218707767
1234,LEAVE,168,-0.408951105056,0.397981924707
1235,LEAVE,249,-0.149861758036,0.518437387839
1230,LEAVE,168,-0.0989932465489,0.645146000516
1232,PRD
1238,SUM
438,LEAVE,235,-0.083234876876,0.30812953475
437,LEAVE,37,-0.0177678984473,0.128470047648
435,PRD
433,SUM
431,PRD
2464,PRD
2466,LEAVE,81,0.112445732869,0.595820508658
2467,LEAVE,217,-0.00695193629142,0.486171396117
239,LEAVE,243,0.0525211163787,0.477748233641
235,LEAVE,54,0.420967807373,0.523407838187
236,LEAVE,233,-0.0673391948781,0.627243828169
230,LEAVE,233,-0.363890253544,0.203180080374
231,LEAVE,54,-1.00639684502,-0.0196601683459
233,PRD
2462,SUM
2226,LEAVE,78,0.338591699743,0.552925273802
2227,LEAVE,215,0.0922124064639,-0.0155683093002
2224,PRD
2222,LEAVE,215,0.0734753539686,0.402106455193
2221,LEAVE,78,0.151165227422,0.664716009581
1,SUM
146,LEAVE,236,0.091054247433,0.379654325035
147,LEAVE,100,0.314636777708,0.434566794574
144,LEAVE,68,-0.2492329878,0.545692863646
145,LEAVE,81,0.15972006203,0.503334444637
142,LEAVE,91,0.117322513268,0.392657144164
143,LEAVE,151,0.164025951512,0.475051529304
140,LEAVE,154,0.465463274229,0.438051672088
141,LEAVE,209,-0.0430450239965,0.437259841991
148,LEAVE,88,0.0990626097956,0.443844708863
149,LEAVE,115,0.191807887991,0.481768181908
2088,LEAVE,111,-0.142517068785,0.247413957347
2089,SUM
2082,LEAVE,154,-1.53244619068,-0.00830576885763
2083,LEAVE,235,-0.211569246656,-0.0175483474314
2080,PRD
2086,LEAVE,122,0.149868618349,0.229093639922
2087,LEAVE,148,-0.0486238381439,0.0938250618499
2538,LEAVE,131,0.3136,-0.0296627186011
2532,LEAVE,11,0.134712571025,0.466618518504
2533,LEAVE,131,-0.177895861175,-0.0225517001121
2530,PRD
2537,LEAVE,11,0.0579827258308,0.417162586369
2535,PRD
2712,LEAVE,236,-0.337086536432,-0.0175785602256
2711,LEAVE,55,0.147752951743,0.493179665194
2716,LEAVE,236,0.113115351635,0.206553954549
2717,LEAVE,55,0.117075017481,0.533736888342
2714,PRD
2719,PRD
1832,SUM
1836,LEAVE,143,-0.3658,-0.0150516750054
1837,LEAVE,237,0.0459638161703,0.515169729034
1834,PRD
1839,PRD
2154,LEAVE,48,0.000660375030413,0.353517434526
2155,LEAVE,213,-0.224473737788,0.482134460794
939,LEAVE,65,0.156811624659,0.3918581862
2157,PRD
2150,SUM
2403,LEAVE,98,-0.0514720137611,0.331723467156
2152,PRD
2401,PRD
933,LEAVE,65,0.0163189049433,-0.000836641996791
932,LEAVE,25,-1.66851825998,0.477036019057
930,PRD
937,PRD
2159,LEAVE,48,-0.109956395674,-0.0115403552032
2408,PRD
1954,PRD
1957,LEAVE,3,-0.248573170041,0.535911534798
1956,LEAVE,226,-0.353412741381,0.556391436177
1951,LEAVE,226,-0.330942936195,0.549725387396
1952,LEAVE,3,0.117343157791,-0.0301271572635
829,LEAVE,207,0.0221445420687,0.504710979603
828,LEAVE,50,0.303515484981,0.391139719137
824,LEAVE,103,-0.33289368664,0.480587855412
827,LEAVE,26,-0.345960433991,0.564035152682
821,LEAVE,157,-0.14799392598,0.443727396283
820,LEAVE,44,-1.88399921387,-0.014166264274
1536,PRD
1482,PRD
1480,SUM
1487,PRD
1485,LEAVE,155,0.155866895919,0.538150725857
1484,LEAVE,239,-0.103968791234,0.478412160534
1489,LEAVE,239,0.369635556888,-0.0136542973574
1713,LEAVE,121,-0.3328,-0.037129529369
928,LEAVE,65,0.634223822099,0.308252981315
795,LEAVE,157,-0.466791267724,-0.00017827465269
794,LEAVE,103,-0.279397470108,0.530803583761
1717,LEAVE,113,-0.412710433603,-0.03438777442
792,PRD
1715,PRD
790,LEAVE,157,-0.182589312195,-0.0382738766138
1718,LEAVE,121,0.449199999999,-0.0320699702542
799,PRD
1270,LEAVE,14,0.181561294895,0.175440984943
2412,LEAVE,98,0.0048816083371,0.466954403067
2415,SUM
1272,PRD
1139,LEAVE,126,-0.349690202292,0.584191396533
1138,LEAVE,203,-0.190963447738,0.473826778003
2417,PRD
1133,LEAVE,183,-0.236221760896,0.452347594213
1132,LEAVE,75,-1.51862985012,-0.0452467347721
1130,PRD
1275,LEAVE,14,0.189361658483,0.56851729544
2419,LEAVE,216,0.0254349365566,0.505054188305
519,LEAVE,216,0.102099853007,-0.0151477545959
518,LEAVE,9,-0.0907706932539,0.403350753676
1009,SUM
1008,LEAVE,211,0.201832298863,0.485785510169
1007,LEAVE,161,0.179019352299,0.513617253057
1006,LEAVE,141,0.0674745472796,0.414306450755
1005,LEAVE,193,0.0593139170993,0.480086620288
1004,LEAVE,135,-0.0522932670214,0.414585074257
515,PRD
1002,LEAVE,208,-0.226786742245,0.42923627484
517,LEAVE,210,0.277967441638,-0.0177213995576
1000,LEAVE,78,0.196870754857,0.517533593939
623,LEAVE,41,0.0989200237162,0.51726789613
1225,SUM
1222,LEAVE,119,1.97740017605,-0.020825319639
1221,LEAVE,109,-0.130327588327,-0.0236009546196
624,LEAVE,246,-0.205181404381,0.552231749397
629,LEAVE,41,1.31860773153,-0.023915835568
628,LEAVE,246,-0.0868045967377,-0.0174314383468
1229,LEAVE,249,0.0710241048412,0.548213787763
11,LEAVE,205,0.186960612624,0.513307468829
10,LEAVE,234,0.00944491153707,0.385691057497
13,LEAVE,60,0.0397865629494,0.321195351083
12,LEAVE,118,-0.161304584879,0.587013135086
14,SUM
16,PRD
19,LEAVE,5,0.246748708666,0.341964892778
18,LEAVE,122,0.319307505233,0.301789704296
200,LEAVE,129,-0.291061350135,0.458280463657
202,PRD
205,LEAVE,221,0.305396510516,0.51405467206
204,LEAVE,129,-0.270284944319,0.517883091126
207,PRD
209,LEAVE,129,1.10173772673,-0.00851610001284
685,PRD
1571,PRD
2239,LEAVE,201,0.166620693083,0.62497341537
2238,LEAVE,22,0.0989281558645,0.547135882954
2233,LEAVE,77,0.0304186485136,0.517051458445
2232,LEAVE,211,0.168830509319,0.520674141053
2234,SUM
1576,PRD
1574,LEAVE,158,1.87781287894,-0.0152600824977
228,PRD
2094,LEAVE,140,-0.3473,-0.0176286716055
2096,PRD
2091,PRD
2093,LEAVE,132,-0.132700000003,-0.00393263067558
2098,SUM
2524,SUM
2526,PRD
2521,LEAVE,180,2.60636945715,1.4244496341
2520,LEAVE,135,-0.114057032394,0.214860990924
2523,LEAVE,173,-0.0922630581048,0.43980912944
2522,LEAVE,194,0.0149077638751,0.480029714591
2528,SUM
2709,PRD
2705,LEAVE,210,0.0194902440678,0.352271331808
2704,LEAVE,186,0.0794537484984,0.406031691162
2707,SUM
2706,LEAVE,61,0.165525723436,0.571802710897
2700,LEAVE,234,0.0116612962728,0.430971037932
2703,LEAVE,137,0.149743100618,0.233283345148
1829,LEAVE,39,-0.23403611603,0.558501672896
1828,LEAVE,9,-0.000136036659798,0.540047022532
1824,LEAVE,9,0.13060586335,0.00286874985722
1826,PRD
1821,PRD
1823,LEAVE,39,-0.443217428706,-0.022511352201
2147,LEAVE,241,0.112689179981,0.404000981796
2410,LEAVE,181,0.178496077691,0.496412818717
2144,LEAVE,177,0.0960089196148,0.460311212701
2143,LEAVE,82,-0.0142273696361,-0.0251172890558
2141,PRD
920,PRD
922,LEAVE,25,-1.79789722317,0.332795807683
923,LEAVE,65,-0.103741719832,0.430771785544
925,PRD
2149,LEAVE,15,0.127458135081,0.420399468693
2148,LEAVE,102,-0.315037350322,0.149435848618
2411,LEAVE,248,-0.0554041129029,0.306108863804
1920,LEAVE,28,0.183668894072,0.52507349629
1921,LEAVE,128,-0.126893274458,-0.0308003458158
1925,PRD
1927,LEAVE,128,-0.4212,-0.0233552145162
1928,LEAVE,28,0.329674159698,0.407086962324
833,PRD
830,LEAVE,106,-0.286939322853,0.603371458799
831,SUM
836,LEAVE,23,-0.0449837320848,0.470987624458
835,LEAVE,187,0.0259703108576,0.611807133198
838,PRD
3,PRD
2511,PRD
784,LEAVE,103,-0.321164944911,0.536150774921
785,LEAVE,157,-0.555285843216,-0.0425990506934
787,PRD
780,LEAVE,157,0.14109183405,0.502597488822
1728,PRD
1726,SUM
1724,LEAVE,17,-0.0610723685141,0.33908547448
1725,LEAVE,174,0.250027993192,0.524027613171
789,LEAVE,103,-0.235495393197,0.383654141677
2439,LEAVE,216,-0.156378728583,0.619540608545
60,LEAVE,64,0.398225197966,0.388901581873
690,PRD
63,PRD
65,LEAVE,182,-0.430002944321,0.372480156062
66,LEAVE,64,0.419766993108,0.490852158343
68,PRD
1370,PRD
1583,LEAVE,32,-0.34080396971,0.330323936201
1581,PRD
1587,LEAVE,10,0.0946244364601,0.236424120807
1584,LEAVE,158,-0.278447838106,0.430425019297
2433,LEAVE,176,-0.773691240528,-0.0195785530896
1038,PRD
1372,LEAVE,150,0.269440510308,0.379205179387
509,PRD
506,LEAVE,210,0.142854235642,-0.00439740983638
507,LEAVE,216,-0.125597900944,-0.0306911633111
505,LEAVE,9,-0.0300916808603,0.438156930274
1036,SUM
503,PRD
500,LEAVE,9,-0.0300712596671,0.553466333956
402,SUM
1212,PRD
631,PRD
1210,LEAVE,119,-0.726632696542,-0.0215798105348
633,LEAVE,246,-0.175401987103,0.254533354198
634,LEAVE,41,0.148600985483,0.301668759076
1214,LEAVE,109,1.35446686535,0.00910380658509
637,LEAVE,189,-0.112707855663,0.4798415523
638,LEAVE,237,0.0886079928898,0.478900061998
639,LEAVE,185,-0.0687872080248,0.374214434532
927,LEAVE,25,-1.99302911867,0.412737050709
782,PRD
1454,PRD
1107,LEAVE,183,-0.380629431556,0.280926942531
1456,LEAVE,70,-0.0101766890022,0.547485439001
1457,LEAVE,151,0.143206484737,-0.0291097831241
1450,PRD
1452,SUM
1101,LEAVE,75,-1.28164061302,0.710561084379
1459,PRD
1723,LEAVE,50,0.302746044938,0.478634167827
959,LEAVE,136,0.12619976952,0.424461551366
214,LEAVE,129,1.56582874161,-0.0284346720238
215,LEAVE,221,0.163589627118,0.429602321542
212,PRD
210,LEAVE,221,0.192461806822,0.299992327666
218,LEAVE,131,0.222448456991,0.548785297244
219,LEAVE,20,-0.00702395423696,0.450266628822
2138,LEAVE,82,-0.196269425904,0.493657738537
2551,LEAVE,117,0.114555942801,-0.00405584811028
2553,PRD
2555,SUM
61,LEAVE,182,-0.190110253974,0.531620703878
2559,LEAVE,11,0.0850399995372,0.467295257268
2396,PRD
2394,LEAVE,248,0.0580646489841,0.543342207929
2393,LEAVE,98,-0.0460131813231,0.355790207744
2391,PRD
2398,LEAVE,98,0.042533706209,-0.0278673918532
2399,LEAVE,248,-0.0489725703948,0.327896013684
1858,PRD
1850,LEAVE,143,-0.2452,-0.0401264719299
1851,LEAVE,237,0.115770387303,0.446995282107
1853,PRD
1855,LEAVE,143,-0.4676,-0.0346687074063
1856,LEAVE,237,0.323180575113,-0.0429714859467
2172,LEAVE,101,0.315696007603,0.157454508767
2173,LEAVE,129,-0.120625613974,0.220658784578
2170,PRD
2176,LEAVE,243,0.0378410831136,0.477478256996
2177,SUM
914,SUM
916,PRD
913,LEAVE,140,-0.0970048727648,0.379743202745
912,LEAVE,179,-0.250833433976,0.479013023465
2605,LEAVE,163,-0.0884159833027,0.628559080043
2606,LEAVE,152,-0.222618702281,0.668500319803
2600,LEAVE,19,-0.276510654343,0.436422130234
2601,SUM
2603,PRD
2608,PRD
1423,LEAVE,37,0.0826693805948,0.461934096641
1932,SUM
1930,PRD
1937,LEAVE,128,-0.25892068423,-0.0335467287258
1936,LEAVE,28,0.00284482858678,0.51082773269
1934,PRD
1939,PRD
846,LEAVE,23,-0.0917213613198,0.32511543393
845,LEAVE,187,0.181772197639,0.261367428321
843,PRD
841,LEAVE,23,-0.128764748889,-0.0191202550673
840,LEAVE,187,0.121110314442,0.450250500291
849,LEAVE,167,-0.0620099547271,0.352439244799
1739,LEAVE,103,-0.231299985521,-0.0352122792609
1731,LEAVE,103,0.0163000000018,-0.0394701737843
1730,LEAVE,172,0.24355343615,0.444157875314
1733,PRD
1735,SUM
1737,PRD
752,PRD
750,LEAVE,15,0.14798360956,0.418148894536
755,LEAVE,15,0.197731635242,0.452397167722
754,LEAVE,73,-0.0631778124398,0.419381604694
758,SUM
1595,LEAVE,21,0.30049005631,0.510207399296
1032,SUM
1596,LEAVE,209,-0.236886232499,-0.0123375022763
1591,SUM
1590,LEAVE,45,0.0243747042864,0.377458404307
1593,PRD
1598,PRD
1024,LEAVE,178,0.191288960145,0.531310799985
1026,PRD
1021,PRD
1023,LEAVE,30,1.31827305557,1.3143697384
1029,LEAVE,30,3.26711412893,0.406608395029
1028,LEAVE,178,0.207140572327,0.509800801677
1034,PRD
501,LEAVE,210,-0.0572584342859,0.413345419006
605,PRD
607,LEAVE,164,0.232943520964,-0.0408688011419
1209,LEAVE,109,0.000511186009503,-0.0019029589822
603,SUM
602,LEAVE,77,0.0442318140491,0.409756292417
1205,LEAVE,119,-0.155142525433,0.569479060515
1204,LEAVE,109,-0.0436560897512,0.761411363045
1207,PRD
1200,LEAVE,119,-0.786556983321,-0.0232188232054
1202,PRD
1215,LEAVE,119,-1.12530201516,-8.01119461637e-05
1447,LEAVE,80,2.43723513471,1.43471896624
1113,LEAVE,183,1.85079682293,-0.0229259966107
1444,LEAVE,47,-0.183806419843,-0.0286586336409
1443,LEAVE,5,-0.0452260109029,-0.0531373991759
1114,LEAVE,75,-1.27212741125,0.807305085469
1441,PRD
1116,PRD
1118,SUM
1448,SUM
466,LEAVE,147,-0.27379679306,0.749254408725
1356,PRD
489,PRD
485,LEAVE,218,0.542456484648,0.000649129720546
484,LEAVE,147,0.528450933781,0.00668680777777
482,PRD
480,LEAVE,218,-0.845540459077,-0.0386403557906
199,LEAVE,221,-1.53806491399,-0.00918353668836
195,SUM
194,LEAVE,192,-0.0113822180037,0.433371993223
197,PRD
191,LEAVE,53,-0.196230886703,0.482641339682
190,LEAVE,67,-0.0549840683358,0.340563264121
193,LEAVE,116,-0.0311617098015,0.499438263293
192,LEAVE,71,0.300079047515,0.509003748014
2543,LEAVE,131,0.3136,-0.025906152229
1106,LEAVE,75,-2.05474340921,0.398814457965
2540,PRD
2547,LEAVE,11,2.25270354444,-0.0290025779824
2545,PRD
2548,LEAVE,131,-0.118773421769,0.00269331228873
1104,PRD
2380,PRD
2383,LEAVE,98,-0.0825251894318,0.00505325616259
2382,LEAVE,248,-0.00786767783974,0.336108617474
2384,LEAVE,181,0.0854522664402,0.62714085226
2386,PRD
2389,SUM
1102,LEAVE,183,-0.351666711514,0.273932798205
902,LEAVE,42,-0.0679322174102,0.516823325955
903,LEAVE,212,-0.170025833964,0.561654605636
1848,PRD
907,LEAVE,42,-0.0343015780398,0.444724130396
905,PRD
1843,PRD
908,LEAVE,212,-0.398928951743,0.00706582760454
909,LEAVE,124,0.313356335499,0.515835294505
1846,LEAVE,237,0.0292637469108,0.458175533971
1845,LEAVE,143,-0.0517753813042,-0.0393390721361
2168,LEAVE,129,-0.283502148479,-0.017147801743
2165,PRD
2167,LEAVE,101,0.236798183281,-0.0395486894129
2160,LEAVE,213,-0.156039144708,0.487695532817
2163,SUM
2616,LEAVE,163,-0.730363803392,-0.0186462670214
2615,LEAVE,152,-0.811488669943,-0.00869262060759
2613,PRD
2611,LEAVE,163,-0.187887664839,0.279934204516
2610,LEAVE,152,-0.148103773529,0.385451315083
2619,SUM
1909,PRD
1906,LEAVE,28,0.231097453815,0.64011840662
1907,LEAVE,128,-0.4212,-0.0434481184458
1904,PRD
1902,SUM
1901,LEAVE,104,0.459576024264,0.206767806015
855,LEAVE,49,-0.0154928780431,0.495395156105
856,LEAVE,125,-1.05229453666,0.790988446631
850,LEAVE,130,2.6454314489,1.38756994292
851,SUM
853,PRD
858,PRD
6,LEAVE,197,-0.256073302543,0.621074466278
740,PRD
742,LEAVE,15,-1.88265583605,0.00222162821456
743,LEAVE,73,0.440453043367,-0.0204784631942
747,PRD
749,LEAVE,73,-0.175098071737,0.0606633139073
1050,PRD
1052,LEAVE,112,-0.44175967926,0.392384834107
1053,LEAVE,2,-0.117866812774,0.406728098836
1055,PRD
1057,LEAVE,112,-1.01169542384,-0.0221630265918
1058,LEAVE,2,-0.115385033659,0.429211537894
1696,PRD
1793,PRD
1694,LEAVE,113,-0.8334,-0.0452285438493
1693,LEAVE,121,-0.144,-0.0220955558771
1691,PRD
2595,LEAVE,198,0.0114028320815,0.452704102335
1698,SUM
1279,LEAVE,123,-0.00157374718471,0.470511321623
618,LEAVE,7,0.0590970591287,0.498940689639
619,SUM
612,LEAVE,173,-0.0924441200978,0.396207904401
613,LEAVE,164,0.389002684136,0.484263707553
610,PRD
616,LEAVE,17,-0.0567198457491,0.355080128531
617,LEAVE,153,-0.197802245817,0.482935977203
1277,PRD
2469,PRD
1473,LEAVE,70,0.0494395649989,0.481677111953
1471,PRD
1477,LEAVE,206,-0.265409195108,0.551624815969
1474,LEAVE,151,0.138128008366,0.527202801903
1478,LEAVE,49,-0.118261188631,0.570049016539
1479,LEAVE,20,-0.0183725468402,0.423849461262
1304,LEAVE,232,-0.0164862497349,-0.0281770828084
1306,PRD
1301,PRD
1303,LEAVE,153,-0.24134875468,0.573416973795
1308,LEAVE,232,-0.24995427871,0.454780527257
1309,LEAVE,153,-0.241739152293,0.520280391963
499,LEAVE,216,-0.0905450761129,0.536553826428
495,SUM
497,PRD
491,LEAVE,218,-0.277729733749,0.56541538486
492,LEAVE,147,-0.067056292771,-0.0323103316656
24,LEAVE,122,0.128834644072,0.545073400522
26,PRD
21,PRD
23,LEAVE,5,0.00978153217819,0.583409643339
28,LEAVE,122,0.182699241218,0.489197698977
29,LEAVE,5,0.713817049306,0.00324798368833
2599,LEAVE,93,0.0399987068358,0.531123492988
7,LEAVE,79,-0.277788685444,0.459651599847
2288,PRD
2280,LEAVE,218,-0.0518756796497,0.620015140298
2281,LEAVE,225,-1.07264202717,0.881736311975
2283,PRD
2285,LEAVE,225,-1.51645725044,-0.00418139073017
2286,LEAVE,218,-0.415628053154,-0.0382971783208
2578,SUM
2577,LEAVE,85,0.0194198146757,0.456028529412
2575,PRD
2572,LEAVE,214,0.364239092658,0.474873019927
2573,SUM
2571,LEAVE,114,0.138043224556,0.146381392485
2378,LEAVE,98,-0.0606495464265,0.343530590507
2374,PRD
2376,LEAVE,181,0.0994777543067,0.632269445884
2377,LEAVE,248,0.0337221909947,0.00637860409529
2371,LEAVE,40,-0.123314114797,0.344082065368
2372,SUM
2594,LEAVE,16,-0.0345727394437,0.478914045315
1087,LEAVE,75,0.21756628456,0.349046991075
2596,LEAVE,85,-0.0991581458002,0.365925739936
2592,PRD
1085,PRD
1876,LEAVE,200,0.19909995495,0.541885157105
1875,LEAVE,42,-0.148169984357,0.512779643109
1873,PRD
1871,SUM
1878,PRD
1082,LEAVE,6,-0.301722780402,0.546926331533
977,LEAVE,101,-2.01578721246,-0.0267889148681
182,LEAVE,58,-0.363520080761,-0.0026238076013
975,PRD
973,LEAVE,43,-0.0431978492275,-0.0326645643114
972,LEAVE,101,0.212815113745,0.573763442647
970,PRD
1080,LEAVE,220,0.00522695787757,0.435072196673
978,LEAVE,43,0.143133275243,0.533298442732
2118,LEAVE,140,-0.298699999926,-0.0375545787871
183,LEAVE,98,0.0454656878571,-0.0354994446789
180,PRD
2110,PRD
2112,LEAVE,132,-0.0824000041703,-0.0330716608436
189,LEAVE,36,0.0918980468243,0.383835667111
2115,PRD
2117,LEAVE,132,-0.5229,-0.0431894800008
2623,LEAVE,34,0.0227347800794,0.28477382983
2621,PRD
2626,PRD
2624,LEAVE,192,-0.0277876414275,0.361585106826
2628,LEAVE,192,-0.118506845192,0.468571703568
2629,LEAVE,34,0.00136748552128,-0.025231063898
1918,PRD
1911,SUM
1913,PRD
1915,LEAVE,28,0.190376627257,0.574957085196
188,LEAVE,97,-0.235108493629,0.587281556286
1916,LEAVE,128,-0.033081998363,0.000642329543505
869,SUM
2113,LEAVE,140,-0.4861,-0.0449050519417
861,LEAVE,125,-2.04246297746,0.410477938301
860,LEAVE,49,0.0906616273425,0.500939378869
863,PRD
865,LEAVE,49,-0.792738519077,-0.0237872332224
866,LEAVE,125,-1.31701827716,0.830249679738
2024,SUM
2026,PRD
2020,LEAVE,187,0.0247871153732,0.524269455706
2023,LEAVE,159,-0.0832328983787,0.49832547378
2028,LEAVE,238,-0.559676963669,-0.0208782867628
2029,LEAVE,79,-0.157285646605,0.551685960907
883,LEAVE,42,-0.0322806390855,0.422731221327
881,PRD
886,PRD
884,LEAVE,212,-0.446339299528,-0.0144346051035
889,LEAVE,212,-0.295426031378,0.394880810651
888,LEAVE,42,1.7444880899,-0.00581240520615
775,SUM
774,LEAVE,44,-0.0284897769836,0.419353717334
777,PRD
770,LEAVE,44,1.4374083142,9.6340689686e-05
772,PRD
779,LEAVE,103,0.0927782946518,-0.00967228843197
77,LEAVE,160,0.0242179086428,0.337410199143
76,LEAVE,156,-0.281119754055,0.555862950709
75,LEAVE,52,-0.121606765984,0.446577573925
74,LEAVE,171,0.30805218093,0.526353855741
71,LEAVE,182,-0.0177363037224,-0.0087589830013
70,LEAVE,64,0.36225800695,0.445325748664
79,LEAVE,38,0.103551524882,0.458711426993
78,LEAVE,62,-0.344772629306,0.454936611749
1043,PRD
1041,LEAVE,112,-0.109513505312,0.578324321421
1040,LEAVE,2,-0.12763995374,0.551441781972
1046,LEAVE,112,-0.327310509046,0.502241567982
1045,LEAVE,2,-0.168802759235,-0.0289511435751
1681,PRD
1683,LEAVE,121,0.48889996413,-0.0088862721676
1684,LEAVE,113,-0.481618718717,-0.017301895467
1686,PRD
1689,LEAVE,121,-0.103600000008,-0.00261013146155
1688,LEAVE,113,-0.6701,-0.0435745373417
1269,LEAVE,123,-0.059446935492,0.488535593722
668,LEAVE,113,-0.228777643413,0.293945476785
667,LEAVE,59,-0.238292370208,-0.0293626408834
1262,LEAVE,227,0.0714560953014,0.516967675199
1261,LEAVE,155,0.297852693561,0.351916693494
1267,PRD
662,LEAVE,59,-0.0334329436514,0.711244781393
1265,SUM
660,PRD
1469,LEAVE,70,0.0262851118033,0.485789553036
1468,LEAVE,151,0.248585697725,-0.0292841751938
8,LEAVE,145,-0.0207069837621,0.407398782407
1466,PRD
1461,LEAVE,70,0.0799938481557,0.727744394749
1462,LEAVE,151,0.310234527086,0.780282784534
1317,LEAVE,24,0.27622323864,0.517197176811
1315,PRD
1313,SUM
1312,LEAVE,29,-0.23843715305,0.479098653193
1318,LEAVE,161,0.225345135713,0.50582689039
2460,LEAVE,66,-0.0517167263097,0.490348596984
319,PRD
312,LEAVE,82,-0.320018931325,0.403789758863
311,LEAVE,214,0.593613865273,0.363729111893
317,LEAVE,214,-0.0105099901937,-0.0287978118782
316,LEAVE,82,-0.251495331235,0.455600687555
314,PRD
1334,PRD
1336,LEAVE,202,-0.156049470075,0.52173383692
2322,LEAVE,53,-0.150542092204,0.430629590572
1331,LEAVE,41,0.0909053149856,0.416908117463
2299,LEAVE,189,-0.104823286191,0.512772308491
2293,PRD
2291,LEAVE,225,-1.70399434759,-0.0423878389728
2290,LEAVE,218,-0.566534139302,-0.0329314029327
2296,LEAVE,225,-1.79387166519,0.492148088297
2295,LEAVE,218,-0.492473969924,0.458034545396
2568,LEAVE,131,-0.147384692111,-0.00818340534792
2560,LEAVE,117,-0.0850574906715,0.0561272162956
2562,PRD
2565,LEAVE,117,0.0785435324275,-0.0282424258357
2564,LEAVE,11,0.189004481978,0.504006696615
2368,LEAVE,67,0.0553359379631,0.305877936925
2367,LEAVE,191,1.70524904051,0.00649889793163
2365,PRD
2363,LEAVE,191,0.0512167533305,0.380088144325
2362,LEAVE,67,0.0796420361857,-0.00461856706115
2360,PRD
2587,LEAVE,16,0.10039748878,-0.00904692602256
2585,PRD
2583,LEAVE,198,-0.115491430842,0.157223985231
2582,LEAVE,16,-0.0682834242631,0.496467148387
2580,PRD
2588,LEAVE,198,-0.087205863776,0.260039213397
1861,LEAVE,237,0.138785635773,0.501964998524
1860,LEAVE,143,-0.4676,-0.0398375043928
1867,SUM
1866,LEAVE,120,0.146575011262,0.160229000352
1869,PRD
964,LEAVE,239,1.48518872555,-0.0372575480728
965,LEAVE,136,0.0693408494299,0.447172960261
960,LEAVE,239,-0.10415182999,0.465039006738
962,PRD
968,SUM
2108,LEAVE,140,-0.4861,-0.02811078401
2103,LEAVE,140,-0.4861,-0.0435388546572
2102,LEAVE,132,-0.0823999866411,-0.0374631376368
2100,PRD
2107,LEAVE,132,-0.082400009182,-0.0177929818048
2105,PRD
2639,LEAVE,192,-0.0688507799699,0.450583475963
2638,LEAVE,34,0.220732424892,0.00497261714624
2634,LEAVE,192,-0.104302171702,0.52957039787
2636,PRD
2631,PRD
2633,LEAVE,34,-0.0603112988932,0.510470538967
1240,PRD
877,PRD
874,LEAVE,124,0.341600211413,0.53719104977
875,LEAVE,42,-0.0204127897955,0.303582056931
1243,LEAVE,11,0.222877732909,0.374590068477
871,PRD
2036,PRD
2034,LEAVE,238,0.140871503034,0.478820699062
2033,LEAVE,79,-0.178534472447,0.564894843454
2031,PRD
9,LEAVE,95,0.0467217056959,0.366362498366
1533,LEAVE,249,-0.0654994583781,0.56476575651
2039,LEAVE,238,0.240650250152,-0.0125819701788
2038,LEAVE,79,-0.214218200503,0.478388250909
891,PRD
893,LEAVE,42,0.322472910889,-0.0389919592295
894,LEAVE,212,-0.314577922931,0.477540119732
897,LEAVE,124,0.334591139302,0.543190602918
899,PRD
1248,LEAVE,11,0.193239674338,0.608844506987
422,LEAVE,206,-0.301389867302,0.530602232466
1965,LEAVE,112,-0.397922400804,0.135445531352
1614,LEAVE,21,0.331518912438,0.522974787343
1788,LEAVE,65,0.0718520544706,0.463462960692
1789,LEAVE,106,0.1816,-0.049397475312
768,LEAVE,103,-0.319576347614,0.426845702003
1615,LEAVE,209,-0.177959062416,-0.0181911191371
762,LEAVE,157,-0.0607458377799,0.431108523583
1960,LEAVE,167,-0.0682893250369,0.382254905012
760,PRD
1783,LEAVE,65,0.0757145649551,0.490812396452
1784,LEAVE,106,-0.4285,-0.0302385821789
1786,PRD
1610,LEAVE,209,-0.0759952433416,0.493116347562
1076,LEAVE,201,0.202744100943,0.199130587554
1077,LEAVE,230,3.82570955882,0.171657880684
1074,PRD
1072,LEAVE,201,0.175748603791,0.6534445594
1071,LEAVE,230,1.5284940209,1.28159851726
1679,SUM
1675,LEAVE,136,0.177861889602,-0.0415631094527
1676,LEAVE,118,-0.8443,-0.044293451489
1670,LEAVE,118,-0.8443,-0.0360445430932
1671,LEAVE,136,0.176974778992,-0.0363793571617
1673,PRD
1094,PRD
1096,LEAVE,75,-1.81584323923,0.498751025336
1097,LEAVE,183,0.00393298511976,0.654037021285
1090,PRD
1092,SUM
1534,SUM
674,LEAVE,113,-0.217747597672,0.00721013236405
675,LEAVE,59,1.1778875494,0.000746576659203
1099,PRD
672,PRD
2557,PRD
1418,LEAVE,54,0.435262459105,0.50153818099
2490,LEAVE,14,0.36646109304,0.430492835537
1410,PRD
1412,LEAVE,125,-1.5179,-0.0432416656491
1413,LEAVE,54,0.549142715445,0.356559664162
1415,PRD
1417,LEAVE,125,-1.61813017166,0.167639123665
1322,LEAVE,24,-0.191872126883,0.00516666228831
1323,LEAVE,161,0.187639074287,0.481566550679
1320,PRD
1532,LEAVE,90,-0.0727246573154,0.401863140933
1326,LEAVE,233,-0.249719755308,0.488419297794
1327,LEAVE,25,-1.54646958657,0.737635211871
1328,LEAVE,247,-0.323965609201,0.631290240428
1329,LEAVE,73,-0.0695626645972,0.437253260657
5,LEAVE,16,-0.00966354053133,0.444055868151
1256,LEAVE,155,0.0952611252896,0.613611216198
1257,LEAVE,227,0.00615077906359,0.309893691029
1526,PRD
1252,SUM
1521,LEAVE,0,0.418388914694,-0.0392409065208
1522,LEAVE,4,0.345634864626,-0.0164273640033
1251,LEAVE,8,-0.244631094883,0.423538154187
1528,LEAVE,4,0.365366079263,0.553453955724
1529,LEAVE,0,0.261834054147,0.515658746816
1259,PRD
309,PRD
301,PRD
303,LEAVE,184,0.0477144957179,0.225994475168
304,LEAVE,242,-0.0864976337481,0.518601822659
307,SUM
470,SUM
2358,LEAVE,67,-0.0850137066601,0.415597887571
2352,LEAVE,23,-0.114467519482,0.379544468719
2353,SUM
2350,LEAVE,56,-0.223001581476,0.584851656635
2351,LEAVE,228,0.161149609727,0.541689234564
2357,LEAVE,191,0.105720966194,0.483092570776
2355,PRD
1898,LEAVE,200,0.394803933478,0.354637761475
1895,PRD
1897,LEAVE,42,-0.0452550139508,0.391489336029
1890,LEAVE,42,1.76484501577,-0.0207939952193
1891,LEAVE,200,0.303657741961,0.315244356748
2136,PRD
2134,SUM
2133,LEAVE,204,0.455881472496,0.44302085138
2130,LEAVE,140,-0.0803000001196,-0.033030676396
950,LEAVE,136,-0.130519938766,0.00487454878593
952,PRD
955,LEAVE,239,-0.132972682614,0.485063618761
954,LEAVE,136,0.120807171061,-0.0001719088459
957,PRD
2139,LEAVE,177,0.0652590218098,0.471692137119
477,PRD
2648,LEAVE,199,-0.0981522460914,0.584216013818
2649,LEAVE,12,-0.357923897336,0.479102020168
2642,LEAVE,207,0.0094767929484,0.521822861952
2643,LEAVE,193,0.088549398168,0.508056782607
2644,LEAVE,184,0.00769216174326,0.423204766485
2645,LEAVE,91,0.122599007768,0.469672774682
2646,LEAVE,119,-0.116150577602,0.199196625665
2647,LEAVE,59,-0.0397952235184,0.506304985634
2002,PRD
2000,SUM
2007,PRD
2004,LEAVE,230,3.14981486892,0.478489987534
2005,LEAVE,187,0.142537495886,0.467225053
2009,LEAVE,230,3.53851452717,-0.0403947335517
665,PRD
918,SUM
1799,PRD
719,LEAVE,72,0.236502675043,0.409990079173
717,PRD
663,LEAVE,113,-0.0823168203378,0.762758547064
715,LEAVE,72,0.218661809432,0.384029792024
714,LEAVE,226,0.124358036087,-0.0105151755301
1797,LEAVE,65,-0.00801668607703,0.685081726609
712,PRD
1795,LEAVE,106,-0.33755152236,-0.0309644319364
710,SUM
1069,PRD
2179,PRD
1061,LEAVE,19,-0.29156579949,0.45712084249
1062,SUM
1064,PRD
1067,LEAVE,201,0.177049074689,0.446984473197
1066,LEAVE,230,3.3400796794,0.411812628262
1668,PRD
1666,LEAVE,118,-0.484631476698,0.210461106556
1665,LEAVE,136,-0.199011303495,0.103947106378
1663,PRD
1661,SUM
591,PRD
593,LEAVE,35,0.0032482286945,0.504187209067
1083,SUM
594,LEAVE,244,0.0575343927519,0.570395633251
1081,LEAVE,27,0.0366755116725,0.424205259457
596,PRD
599,LEAVE,244,-0.0436838753821,0.322869357523
598,LEAVE,35,-0.13240135462,0.293745691123
1088,LEAVE,183,-0.687822064116,-0.0264142127422
1408,LEAVE,54,0.316604232475,0.376200120291
1403,LEAVE,54,0.344026785196,0.740536453127
1402,LEAVE,125,-1.51821152568,-0.0251391448376
1400,PRD
1407,LEAVE,125,-1.88229999373,-0.0431002444495
1405,PRD
1630,SUM
1546,PRD
448,LEAVE,235,-0.0476337005069,0.371681465387
1339,PRD
443,LEAVE,235,-0.155671161553,0.149687711987
442,LEAVE,37,-1.0986849239,0.00723071660994
1337,LEAVE,38,0.010696406765,-0.0220810278401
440,PRD
447,LEAVE,37,0.31986608603,-0.0474982889989
1330,LEAVE,124,-0.139723896775,0.115013361543
445,PRD
1332,SUM
39,LEAVE,114,0.441117440919,0.49431396472
38,LEAVE,215,0.143868974136,0.433269317766
33,LEAVE,5,1.31456006033,-0.0085238271873
31,PRD
37,LEAVE,104,0.471537689047,0.476753105823
34,LEAVE,122,0.256410493795,0.42195027155
641,LEAVE,142,-0.0499309645466,0.461556709225
640,LEAVE,32,-0.264696638244,0.456448028904
643,LEAVE,102,-0.0921749741297,0.502411766308
642,LEAVE,186,0.0767904752134,0.383603972638
1245,PRD
644,SUM
1247,LEAVE,48,-0.0143329294,0.431148319971
646,PRD
649,LEAVE,59,-0.0390628851513,0.356292281638
648,LEAVE,113,-0.130569296327,0.360672576806
1539,LEAVE,13,0.150074220335,-0.0464262518861
1538,LEAVE,171,-0.333082040656,-0.0233698042697
335,LEAVE,82,-0.26161088534,0.416298397339
336,LEAVE,214,0.231420505189,-0.0265137488993
331,LEAVE,214,0.482419862063,0.365168512835
330,LEAVE,82,1.50690257511,0.00428422779273
333,PRD
2345,LEAVE,145,0.4215999979,-0.0202806411838
2344,LEAVE,53,-0.261995772137,0.505983732699
2340,LEAVE,145,0.360300000835,-0.0272842624353
2342,PRD
2349,LEAVE,164,0.351750530377,0.535282140911
2348,LEAVE,44,-0.0303573101248,0.429295490702
1888,PRD
1886,LEAVE,200,0.0147126728894,-0.0326285405369
1885,LEAVE,42,-0.0368190531871,0.392104927741
1883,PRD
1881,LEAVE,200,0.268724367026,0.402445738295
1880,LEAVE,42,1.62778640908,0.00966755866747
2122,PRD
2125,LEAVE,132,0.1364,-0.040835056548
2124,LEAVE,140,-0.0690000163281,-0.0521203588292
2127,PRD
949,LEAVE,239,-1.36329792909,-0.0202844528819
2129,LEAVE,132,-0.0145010862835,-0.0248656338944
947,PRD
944,LEAVE,92,-0.0129848652444,0.428181356273
945,SUM
943,LEAVE,127,0.0605729798245,0.472395029306
940,LEAVE,25,-1.29666448766,0.842716037008
2659,PRD
2652,SUM
2651,LEAVE,179,-0.235002552384,0.493918683974
2650,LEAVE,26,-0.387209634161,0.559034403387
2657,LEAVE,2,-0.412384939511,-0.0249255526225
2656,LEAVE,31,-0.185926970662,-0.0109082601012
2654,PRD
133,LEAVE,34,0.215805850836,0.000829594128403
131,PRD
137,LEAVE,57,0.122670256591,0.464678243459
134,LEAVE,199,-0.0677796653911,0.509719733562
2019,LEAVE,230,3.86398234368,0.100729993983
2015,LEAVE,230,1.22550925449,1.26739694945
2014,LEAVE,187,0.150253381866,0.456297691135
2017,PRD
2010,LEAVE,187,0.02071096364,0.564467692613
2012,PRD
709,LEAVE,93,0.080107308112,0.466014957084
705,LEAVE,110,-0.0587064137456,0.415936210582
706,LEAVE,33,-0.0781509459852,0.599078397211
700,LEAVE,110,0.0246556708647,0.324202214177
701,LEAVE,33,-0.374906341368,0.302860651727
703,PRD
88,PRD
82,LEAVE,134,-0.000258573348688,0.383916621208
83,LEAVE,89,-0.110060873967,0.464191909577
80,LEAVE,204,0.448316451578,0.429621425787
81,LEAVE,177,0.025041729583,0.431010250471
86,SUM
84,LEAVE,45,0.0538826596083,0.381918128159
85,LEAVE,169,-0.258359085925,0.454388169669
1658,LEAVE,231,0.137116310345,0.594769416828
1652,LEAVE,86,0.0281803928557,0.394502914383
1656,LEAVE,182,-0.253245564922,0.419661516146
1657,LEAVE,86,0.0560600629847,0.455320099962
1654,PRD
411,LEAVE,55,0.221368188296,0.431715830632
586,LEAVE,190,-0.109959055064,0.350932920211
587,LEAVE,158,-0.202863761097,0.421766998884
584,LEAVE,143,0.156829027617,0.490457691573
585,LEAVE,13,-0.206634456818,0.419632786152
763,LEAVE,44,1.57361271689,-0.0263713414252
583,LEAVE,18,-0.230927250019,0.548548192172
580,LEAVE,132,-0.282929819763,0.451895040636
588,LEAVE,66,-0.0166560135294,0.437613417935
589,SUM
1436,PRD
1434,SUM
1432,LEAVE,110,0.170049743524,0.0801207059008
1433,LEAVE,139,0.280163880664,0.209860525683
1430,LEAVE,105,0.385331399109,0.283925355675
1431,LEAVE,51,0.16701755913,0.526204513273
1438,LEAVE,5,0.166545777495,0.520658877309
1439,LEAVE,47,-0.253043293079,0.638358241834
458,LEAVE,228,0.233559591682,0.532929644697
459,LEAVE,117,-0.0795206329998,0.388035571745
1341,LEAVE,202,-0.167228010084,-0.0316596051982
452,PRD
1344,PRD
455,LEAVE,235,-0.103766031688,0.278213616001
1346,LEAVE,38,0.115290184447,0.510738628608
1347,LEAVE,202,-0.1596093014,0.49699729322
656,PRD
1503,SUM
1500,LEAVE,127,-0.0384755115675,0.134078494319
1501,LEAVE,196,-0.211534788432,0.486091732232
653,LEAVE,113,-0.26742148648,0.00459203288402
651,PRD
1508,LEAVE,0,0.230534896683,0.315249798717
658,SUM
323,PRD
321,SUM
326,LEAVE,214,0.262935297775,0.569217097138
325,LEAVE,82,-0.228248905973,0.505951440314
328,PRD
2330,PRD
2332,LEAVE,53,-0.421569880512,0.145054154284
2333,LEAVE,145,0.360299995926,-0.0324076824006
2337,PRD
2339,LEAVE,53,-0.298386366079,0.527485907977
2488,PRD
2486,SUM
2485,LEAVE,208,-0.236359316843,0.432710550658
2482,LEAVE,81,0.178088932014,0.534036327091
2481,LEAVE,217,0.0802342296639,-0.0293864908163
2248,LEAVE,201,0.243398192916,0.000269469405206
2249,LEAVE,22,0.173601239989,0.457222624686
2244,LEAVE,22,0.613293069415,0.935725164816
2246,PRD
2241,PRD
2243,LEAVE,201,0.540438173631,-0.00306219752574
995,LEAVE,194,-0.0254993795029,0.409570859515
994,LEAVE,150,0.306788057586,0.40106355439
997,LEAVE,152,-0.135348292038,0.455380460542
996,LEAVE,83,-0.263865742396,0.457329408197
991,LEAVE,105,0.13507438143,0.538842848575
2461,LEAVE,6,-0.326625508618,0.542795020195
993,LEAVE,222,0.227074966947,0.42512582158
992,LEAVE,69,-0.29580273858,0.43952474821
999,LEAVE,238,0.129286533048,0.479576672589
998,LEAVE,200,0.279818139214,0.413948860575
120,LEAVE,34,-0.00854898123406,0.490095240544
122,PRD
124,SUM
126,PRD
128,LEAVE,34,-0.01073487576,0.353906298439
129,LEAVE,199,-0.0910436394404,0.523203672919
2068,PRD
2060,LEAVE,154,-0.970052021807,0.00159803043217
2061,LEAVE,235,-0.348048067569,0.00811561553893
2063,PRD
2065,LEAVE,154,0.365292649222,0.596139869305
2066,LEAVE,235,-0.0105516785147,0.493335567317
2666,SUM
2665,LEAVE,94,0.00261207353383,0.485093190033
2662,LEAVE,2,-0.0998874402509,0.481271336524
2661,LEAVE,31,0.177003527263,0.538795302183
2668,PRD
723,LEAVE,74,0.224603566483,0.489653755699
1644,LEAVE,231,-0.12198697512,-0.00636009532851
1646,PRD
1641,PRD
1643,LEAVE,182,-0.0797235857933,0.474158051967
1649,LEAVE,231,-0.171294955711,-0.00350260188007
1648,LEAVE,182,-0.108631362023,0.509950808765
728,LEAVE,73,0.207116323774,-0.0156525836455
579,LEAVE,76,0.12522750574,-0.0342090943248
573,LEAVE,132,1.49517073519,-0.0137732122437
572,LEAVE,76,-0.258013605427,-0.00610153786607
570,PRD
577,PRD
1421,LEAVE,60,-0.0102240062657,0.401108847933
1997,LEAVE,72,0.134072421388,0.471999789441
1422,LEAVE,178,0.174135625857,0.579749641713
1425,LEAVE,205,0.203410504361,0.529823964225
1424,LEAVE,100,0.264627725451,0.251304334646
1427,LEAVE,134,0.172002538431,0.106261072039
1426,LEAVE,43,0.0808164510406,0.467059791381
1429,LEAVE,227,0.01160899216,0.444637153187
1428,LEAVE,203,-0.180662640252,0.501000027507
2404,LEAVE,248,-0.101171839317,-0.011040264371
731,PRD
733,SUM
735,PRD
737,LEAVE,15,-1.3347992853,-0.0273012145634
738,LEAVE,73,-0.126374376193,0.00764792941142
1359,LEAVE,224,-1.73679900511,-0.015362585647
1358,LEAVE,108,-0.453986564725,-0.0254400422415
468,PRD
465,LEAVE,218,-0.271058308072,0.478459854573
1352,PRD
1350,SUM
461,SUM
460,LEAVE,174,0.218665862456,0.507637426257
463,PRD
1354,SUM
1519,PRD
1514,PRD
1517,LEAVE,4,0.543569670787,-0.0234771328847
1516,LEAVE,0,0.70934638307,-0.0038584532714
1274,LEAVE,123,-0.129364233342,0.441952133399
1510,PRD
1512,SUM
357,LEAVE,224,0.00464840392965,0.457415058001
356,LEAVE,165,-1.59167973262,-0.0237685942342
354,PRD
352,SUM
350,PRD
359,PRD
2323,LEAVE,145,0.203021574971,0.00164295406434
1111,PRD
2320,PRD
2327,LEAVE,53,-0.167430021246,0.732895210992
2325,PRD
2328,LEAVE,145,0.360300007256,-0.019840360922
289,SUM
288,LEAVE,51,0.143643900127,0.45258683433
280,LEAVE,120,-0.0234544872388,0.58122025839
283,LEAVE,181,0.158456650017,0.510993692194
285,LEAVE,195,0.0459755259434,0.392659401329
284,LEAVE,94,-0.0270168519102,0.395148844948
287,LEAVE,138,0.0217915082295,0.47025520737
286,LEAVE,63,-0.190909444997,0.397597004586
262,PRD
260,SUM
267,PRD
265,LEAVE,99,-0.208365409822,0.557873019504
264,LEAVE,120,1.91898618282,-0.0297098613687
269,LEAVE,120,-0.0233952731241,0.471950920244
2499,SUM
2491,LEAVE,240,-0.150986082094,0.24481672139
1296,LEAVE,130,3.75749185631,0.198082275265
2493,PRD
2495,LEAVE,14,0.27069710767,0.538733578492
258,LEAVE,31,0.164843225563,0.508429879991
2496,LEAVE,240,0.018601275945,0.531175642582
1294,LEAVE,64,0.317549500791,0.51448123659
2259,LEAVE,99,-0.0977170488808,0.542074320609
2258,LEAVE,36,0.0936032952845,0.372349628848
2257,LEAVE,7,0.0519979977444,0.478026278409
2254,LEAVE,201,0.204490450188,0.45145564397
2253,LEAVE,22,0.200688770074,0.33618361216
2251,PRD
2477,LEAVE,217,-0.0727925696737,0.339985725586
2476,LEAVE,81,-0.120327043656,-0.0213223745475
988,LEAVE,101,0.116588201541,0.513019369585
2474,PRD
2472,LEAVE,81,0.188247308197,0.547385196672
2471,LEAVE,217,-0.0961349011837,0.215099532043
982,LEAVE,43,-1.93909213122,-0.0104932991266
983,LEAVE,101,0.139712473912,0.441166181035
980,PRD
987,LEAVE,43,0.0870541718186,0.500519807655
2479,PRD
985,PRD
114,SUM
116,PRD
111,LEAVE,133,-0.228159211156,0.517456766914
110,LEAVE,159,-0.0406137718134,0.428991934524
113,LEAVE,148,-0.0343651660185,0.360598916085
112,LEAVE,46,-0.229919695826,0.412781026032
119,LEAVE,57,-0.549023926465,-0.00558758541351
118,LEAVE,199,0.0157844523737,0.539709366018
2078,LEAVE,235,-0.126504064603,0.237742836952
2071,LEAVE,235,0.170759146491,0.477396822751
2070,LEAVE,154,0.34477174092,-0.0406096283752
2077,LEAVE,154,0.513640634682,0.430933760025
2075,PRD
1796,LEAVE,107,-0.760473701708,-0.0419877365841
2671,LEAVE,147,-0.574052421994,0.0546682243702
2670,LEAVE,92,0.0910452132182,0.423852175424
2673,PRD
2675,LEAVE,147,-0.199432563574,0.00166669091138
2676,LEAVE,92,0.0250079705961,0.395233975948
2678,PRD
1986,LEAVE,166,0.0302548465284,-0.0264305617049
1632,PRD
1985,LEAVE,83,-0.110236056834,0.599636585885
1634,SUM
1983,PRD
1636,PRD
1981,SUM
1638,LEAVE,182,-0.0965332631089,0.552117870234
1639,LEAVE,231,0.26722860289,0.314895051918
1988,PRD
568,LEAVE,132,1.87055520155,-0.00339326236805
561,PRD
563,SUM
565,PRD
567,LEAVE,76,-0.499659579186,0.434377011084
1188,PRD
1184,LEAVE,119,-2.3047801073,-0.0122001650489
1183,LEAVE,109,0.141849114384,0.618431270365
1181,PRD
726,PRD
724,SUM
1749,PRD
720,LEAVE,226,-0.39849884215,0.578395709546
1744,LEAVE,103,0.180499994609,-0.0276251817597
1745,LEAVE,172,0.0532917239706,0.451790129237
1740,LEAVE,172,2.42400107368,-0.0155751891438
1742,PRD
729,LEAVE,15,-0.883585995676,-0.0251454559264
1164,LEAVE,225,-1.67594279723,0.610255861408
1161,PRD
1163,LEAVE,24,-0.0731088164147,0.109145263106
1169,LEAVE,29,-0.283227811066,0.480501086129
48,LEAVE,84,-0.0758560621223,0.414744520736
47,LEAVE,149,-0.0225215243349,0.537086468877
45,PRD
42,LEAVE,39,-0.0972792087698,0.477471016502
43,SUM
40,LEAVE,248,-0.0272197202868,0.319351960322
41,LEAVE,229,-0.277841150018,0.487543514492
1568,LEAVE,32,-0.287778832167,0.403892858118
1569,LEAVE,158,-1.9951618878e-05,-0.0116996951159
1298,LEAVE,109,-0.329878688415,0.193759415668
1299,SUM
1560,LEAVE,10,-0.0665109462107,0.411561593062
1293,LEAVE,188,0.0681575267826,0.502304986104
1562,PRD
1291,PRD
1564,SUM
1297,LEAVE,144,-0.0715263671615,0.328781944585
1566,PRD
1295,LEAVE,212,-0.303681178957,0.456543190277
1712,LEAVE,113,0.1466,-0.0481907629981
475,LEAVE,218,-0.111026569573,0.704210573708
1710,PRD
472,PRD
1367,LEAVE,150,0.335409547819,0.564877416457
1364,LEAVE,224,0.0875704315397,0.448961336506
1363,LEAVE,108,0.0172545463258,0.067797699582
474,LEAVE,147,-0.0464859857698,0.544672119282
1361,PRD
479,LEAVE,147,-0.235675821451,0.681692967587
1368,LEAVE,63,-0.206571171052,0.460295123943
####EDGES####
348,350,-0.0198869848881
348,376,-0.00106095054002
2315,2317
2315,2318
2313,2315,-0.0179679539452
2313,2320,-0.0480898984706
2313,2325,-0.00680862325092
2313,2330,-0.0102073686792
2311,2313
296,298
296,299
291,293
291,294
272,274
272,275
277,279
277,280
2269,2271
2269,2272
2262,2264,-0.0136362921862
2262,2269,-0.0384244137537
2264,2266
2264,2267
2443,2445
2443,2446
1781,1783
1781,1784
2448,2450
2448,2451
2047,2049,-0.00524396534058
2047,2054,0.189613427369
2047,2075,0.255193748589
2047,2080,-0.0157869762688
2041,2043
2041,2044
2049,2051
2049,2052
2685,2687,-0.0146281161994
2685,2692,-0.00304624895342
2685,2697,-0.0176138445125
2687,2689
2687,2690
98,100
98,101
93,95
93,96
554,556,1.30709529218
554,561,-0.00401035962887
554,577,0.164764969121
556,558
556,559
1193,1195
1195,1197,-0.00497940976111
1195,1202,-0.0223221539519
1195,1207,-0.0175748379592
1195,1212,-0.0173269516917
1197,1199
1197,1200
1754,1756
1754,1757
1176,1178
1176,1179
1174,1176,-0.0146282901455
1174,1181,-0.00456036176279
1172,1174
1170,1172,-0.0176163039214
1170,1188,-0.041182514829
1170,1193,-0.00685028673081
1170,1219,-0.013129872466
1282,1284
1282,1285
879,881,-0.0039698396907
879,886,-0.031657351386
879,891,-0.00655414581517
680,682
680,683
1227,1229
1227,1230
621,623
621,624
626,628
626,629
404,406
404,407
1374,1376,-0.00374375678383
1374,1381,-0.00828612892902
1374,1386,-0.0121442184138
1376,1378
1376,1379
1219,1221
1219,1222
409,411
409,412
376,378
376,379
390,392
390,393
395,397
395,398
2304,2306,-0.00666972905271
2304,2311,-0.0543141129271
2304,2337,-0.00521991019712
2304,2342,-0.00320242047515
2306,2308
2306,2309
244,246,0.404132255422
244,251,0.777068233717
246,248
246,249
2276,2278,-0.0189257612798
2276,2283,-0.0184954057518
2276,2288,-0.00490014601527
2276,2293,-0.0150466845061
2278,2280
2278,2281
175,177
175,178
170,172
170,173
2054,2056
2056,2058,-0.00585254779555
2056,2063,0.660465023255
2056,2068,0.091044603142
2058,2060
2058,2061
1505,1507
1505,1508
2697,2699
2697,2700
2692,2694
2692,2695
1607,1609
1607,1610
1969,1971
1969,1972
1617,1619
1617,1620
1967,1969,-0.00664719451582
1967,1974,0.610843454218
1967,1979,0.0941507035518
1612,1614
1612,1615
1762,1764
1762,1765
1760,1762,-0.0246990061407
1760,1767,-0.00588255067093
1767,1769
1767,1770
1142,1144
1142,1145
1140,1142,-0.0128421612455
1140,1147,-0.0031448304109
1147,1149
1149,1151,-0.0193227630821
1149,1156,-0.016102709383
1149,1161,-0.0172745522049
696,698,0.652422456425
696,703,0.446468282377
1541,1543
1541,1544
698,700
698,701
542,544
542,545
540,542,0.719487976153
540,547,0.598729310887
547,549
547,550
766,768
766,769
766,770
414,416
414,417
1386,1388
1386,1389
1381,1383
1381,1384
1254,1256
1254,1257
369,371
369,372
364,366
364,367
383,385,-0.0149509494711
383,390,-0.0089836916527
383,395,-0.00742098052411
385,387
385,388
2190,2192,-0.0385641694317
2190,2198,-0.0233130731743
2190,2204,-0.00929046923284
2192,2194
2192,2195
2192,2196
2198,2200
2198,2201
2198,2202
251,253
251,254
2204,2206
2204,2207
2207,2209,-0.0301367099981
2207,2214,-0.00305499154894
2207,2219,-0.00158324187747
2207,2224,-0.0393827249923
2209,2211
2209,2212
2422,2424
2424,2426,-0.0318015290228
2424,2431,-0.00667688494673
2424,2436,-0.00811313391727
2426,2428
2426,2429
165,167
165,168
161,163
163,165,-0.0202298855372
163,170,-0.00652691196324
163,175,-0.0161971210202
163,180,-0.00792139815012
1841,1843,-0.000898855652636
1841,1848,-0.0351439418965
1841,1853,-0.00744138048916
1841,1858,-0.00976184563872
678,680,-0.0287207388644
678,685,-0.0216044319466
678,690,-0.0187323964869
1816,1818
1816,1819
1811,1813
1811,1814
1979,1981
1603,1605
1974,1976
1974,1977
1605,1607,1.94859203323
1605,1612,0.222368805052
1605,1617,0.127519489882
808,810
808,811
803,805
803,806
801,803,0.0733945416061
801,808,-0.0203561623004
801,813,0.512581302981
801,818,-0.0239931385795
1774,1776,-0.0127076851646
1774,1793,-0.0035147889932
1774,1799,-0.0172402524193
1776,1778
1776,1779
1779,1781,0.553200807871
1779,1786,0.190914480889
1156,1158
1156,1159
1151,1153
1151,1154
58,60
58,61
1554,1556,-0.0106834841374
1554,1562,-0.0337606712823
1556,1558
1556,1559
1556,1560
56,58,-0.00537219967841
56,63,-0.0139482979973
56,68,-0.023623795097
50,52
50,53
530,532
530,533
1398,1400,-0.00795093556449
1398,1405,-0.0105120444105
1398,1410,-0.00651669884085
1398,1415,-0.00651568021135
424,426,-0.0176613661567
424,431,-0.023052587613
424,452,-0.0068461810157
426,428
426,429
2184,2186
2184,2187
223,225
223,226
221,223,0.470046707194
221,228,-0.0194751190907
221,233,0.356564874543
2214,2216
2214,2217
2219,2221
2219,2222
154,156,1.04746201519
154,161,0.339995683655
156,158
156,159
2431,2433
2431,2434
2436,2438
2436,2439
2236,2238
2236,2239
2506,2508
2506,2509
2501,2503
2501,2504
2724,2726
2724,2727
1809,1811,-0.00670044057654
1809,1816,-0.0150975894622
1809,1821,-0.00608913581094
1809,1826,-0.0323179689512
1949,1951
1949,1952
1947,1949,-0.0249357130532
1947,1954,-0.00355873911511
818,820
818,821
813,815
813,816
1492,1494
1492,1495
1700,1702
1700,1703
1705,1707
1705,1708
1120,1122
1120,1123
1125,1127
1125,1128
525,527
525,528
523,525,-0.0385813663819
523,530,-0.0147619431516
1016,1018
1016,1019
1011,1013
1011,1014
1232,1234
1232,1235
1238,1240,-0.0248208805242
1238,1245,-0.0186441001006
435,437
435,438
433,435,0.049535801135
433,440,-0.0352350340808
433,445,0.0370111605123
431,433
2464,2466
2464,2467
233,235
233,236
2462,2464,-0.0010358599195
2462,2469,-0.0110249295187
2462,2474,-0.00240683554565
2462,2479,-0.00707062626578
2224,2226
2224,2227
1,3,-0.0472037267027
1,1291,-0.0110150797509
2089,2091,-0.0018023026873
2089,2096,-0.0158238531567
2089,2122,-0.00774429659103
2089,2127,-0.0652033126333
2080,2082
2080,2083
2530,2532
2530,2533
2535,2537
2535,2538
2714,2716
2714,2717
2719,2721
2719,2722
1832,1834,-0.0349362969714
1832,1839,-0.0122486088495
1834,1836
1834,1837
1839,1841
2157,2159
2157,2160
2150,2152,-0.0105503532971
2150,2157,-0.0132448346804
2152,2154
2152,2155
2401,2403
2401,2404
930,932
930,933
937,939
937,940
2408,2410
2408,2411
2408,2412
1954,1956
1954,1957
1536,1538
1536,1539
1482,1484
1482,1485
1480,1482,1.71256724947
1480,1487,-0.00165702018256
1480,1492,0.132449822259
1487,1489
1487,1490
792,794
792,795
1715,1717
1715,1718
799,801
799,824
2415,2417,-0.0177064231604
2415,2422,-0.023959749972
2415,2443,-0.00380569617663
2415,2448,-0.00675617182538
1272,1274
1272,1275
2417,2419
2417,2420
1130,1132
1130,1133
1009,1011,-0.00309610285457
1009,1016,-0.0186604163335
1009,1021,-0.0168389862021
1009,1026,-0.0164069153621
515,517
515,518
515,519
1225,1227,-0.0121183956463
1225,1232,-0.0118389364495
14,16,-0.0293238308653
14,21,-0.0106834677997
14,26,-0.0145988407336
14,31,-0.0163932215333
16,18
16,19
202,204
202,205
207,209
207,210
685,687
685,688
1571,1573
1571,1574
2234,2236,0.597168170363
2234,2241,-0.00415886751833
2234,2246,0.196755442769
2234,2251,0.960255970692
1576,1578
1576,1579
228,230
228,231
2096,2098
2091,2093
2091,2094
2098,2100,-0.0102285539826
2098,2105,-0.0572057806684
2098,2110,-0.00743804124919
2098,2115,-0.00218038653593
2524,2526,0.205209557792
2524,2553,1.00041151169
2526,2528
2526,2551
2528,2530,-0.0121931030782
2528,2535,-0.0270858605836
2528,2540,-0.00972104797054
2528,2545,-0.0429451983208
2709,2711
2709,2712
2707,2709,-0.00515047826355
2707,2714,-0.00667158194079
2707,2719,-0.00491430431194
2707,2724,-0.00400715657016
1826,1828
1826,1829
1821,1823
1821,1824
2141,2143
2141,2144
920,922
920,923
925,927
925,928
1925,1927
1925,1928
833,835
833,836
831,833,-0.012759171021
831,838,-0.00544226450478
831,843,-0.00535431620507
838,840
838,841
3,5
3,6
3,7
3,8
3,9
3,10
3,11
3,12
3,13
3,14
3,37
3,38
3,39
3,40
3,41
3,42
3,43
3,56
3,74
3,75
3,76
3,77
3,78
3,79
3,80
3,81
3,82
3,83
3,84
3,85
3,86
3,104
3,105
3,106
3,107
3,108
3,109
3,110
3,111
3,112
3,113
3,114
3,140
3,141
3,142
3,143
3,144
3,145
3,146
3,147
3,148
3,149
3,150
3,151
3,152
3,153
3,154
3,188
3,189
3,190
3,191
3,192
3,193
3,194
3,195
3,218
3,219
3,220
3,221
3,239
3,240
3,241
3,242
3,243
3,244
3,257
3,258
3,259
3,260
3,283
3,284
3,285
3,286
3,287
3,288
3,289
3,307
3,341
3,342
3,343
3,344
3,345
3,346
3,347
3,348
3,382
3,383
3,401
3,402
3,420
3,421
3,422
3,423
3,424
3,458
3,459
3,460
3,461
3,495
3,522
3,523
3,536
3,537
3,538
3,539
3,540
3,553
3,554
3,583
3,584
3,585
3,586
3,587
3,588
3,589
3,602
3,603
3,616
3,617
3,618
3,619
3,637
3,638
3,639
3,640
3,641
3,642
3,643
3,644
3,678
3,696
3,709
3,710
3,723
3,724
3,758
3,827
3,828
3,829
3,830
3,831
3,849
3,850
3,851
3,869
3,912
3,913
3,914
3,943
3,944
3,945
3,968
3,991
3,992
3,993
3,994
3,995
3,996
3,997
3,998
3,999
3,1000
3,1001
3,1002
3,1003
3,1004
3,1005
3,1006
3,1007
3,1008
3,1009
3,1032
3,1061
3,1062
3,1080
3,1081
3,1082
3,1083
3,1138
3,1139
3,1140
3,1169
3,1170
3,1225
3,1238
3,1251
3,1252
3,1265
3,1288
3,1289
2511,2513
2511,2514
787,789
787,790
1728,1730
1728,1731
1726,1728,-0.00445880956337
1726,1733,-0.003978136152
1726,1749,-0.012492719433
1726,1754,-0.0119379033972
690,692
690,693
63,65
63,66
68,70
68,71
1370,1372
1370,1373
1370,1374
1581,1583
1581,1584
1038,1040
1038,1041
509,511
509,512
509,513
1036,1038,1.0388224334
1036,1043,0.234557126101
503,505
503,506
503,507
402,404,-0.00597717587704
402,409,-0.0432568793965
402,414,-0.0189585306616
1212,1214
1212,1215
631,633
631,634
782,784
782,785
1454,1456
1454,1457
1450,1452
1452,1454,-0.0170064521177
1452,1459,-0.0134042631259
1459,1461
1459,1462
212,214
212,215
2553,2555
2553,2568
2555,2557,0.34903194665
2555,2562,0.370402826673
2396,2398
2396,2399
2391,2393
2391,2394
1858,1860
1858,1861
1853,1855
1853,1856
2170,2172
2170,2173
2177,2179,0.363316859682
2177,2184,0.495876056551
914,916,-0.0290613349545
914,937,-0.0143369167174
916,918
2601,2603,0.448944678161
2601,2608,0.636207771092
2601,2613,-0.00482296671402
2603,2605
2603,2606
2608,2610
2608,2611
1932,1934,-0.00560515159787
1932,1939,-0.0483450634
1930,1932
1934,1936
1934,1937
1939,1941
1939,1942
843,845
843,846
1733,1735
1735,1737,-0.0330466205022
1735,1742,-0.0530399688672
1737,1739
1737,1740
752,754
752,755
758,760,-0.0184421653168
758,766,-0.0252172692046
758,772,0.0906565353438
758,799,0.321949711785
1032,1034,-0.00762563919084
1032,1050,-0.021208795698
1032,1055,-0.0159495836855
1591,1593,0.0870002073224
1591,1598,-0.00785570316688
1591,1603,1.01269169567
1593,1595
1593,1596
1598,1600
1598,1601
1026,1028
1026,1029
1021,1023
1021,1024
1034,1036
605,607
605,608
603,605,0.198829433321
603,610,1.80436659635
1207,1209
1207,1210
1202,1204
1202,1205
1441,1443
1441,1444
1116,1118
1118,1120,-0.0174394909595
1118,1125,-0.010669170193
1118,1130,-0.0181046718074
1448,1450,0.281502572472
1448,1466,0.090880393736
1448,1471,1.12874593798
1356,1358
1356,1359
489,491
489,492
482,484
482,485
195,197,-0.00947553013171
195,202,0.279361385989
195,207,-0.0162403947827
195,212,-0.0163492572735
197,199
197,200
2540,2542
2540,2543
2545,2547
2545,2548
1104,1106
1104,1107
2380,2382
2380,2383
2380,2384
2386,2388
2386,2389
2389,2391,-0.0189251780153
2389,2396,-0.000796021687765
2389,2401,-0.00531547673189
1848,1850
1848,1851
905,907
905,908
905,909
1843,1845
1843,1846
2165,2167
2165,2168
2163,2165,0.39894680899
2163,2170,0.541478641345
2613,2615
2613,2616
2619,2621,-0.00271602976956
2619,2626,-0.0100597023806
2619,2631,-0.00474547289068
2619,2636,-0.0039578038055
1909,1911
1904,1906
1904,1907
1902,1904,-0.00759608550409
1902,1909,-0.0495091707483
1902,1925,-0.00600938080889
1902,1930,-0.0208621242342
851,853,-0.0175371162177
851,858,-0.00623116682983
851,863,-0.0215314944398
853,855
853,856
858,860
858,861
740,742
740,743
747,749
747,750
1050,1052
1050,1053
1055,1057
1055,1058
1696,1698
1793,1795
1793,1796
1793,1797
1691,1693
1691,1694
1698,1700,-0.0602780613454
1698,1705,-0.00299630555023
1698,1710,-0.0560902403688
1698,1715,-0.00272834362157
619,621,0.358706068687
619,626,-0.0220526128464
619,631,0.49558537109
610,612
610,613
1277,1279
1277,1280
2469,2471
2469,2472
1471,1473
1471,1474
1306,1308
1306,1309
1301,1303
1301,1304
495,497,-0.0169618974061
495,503,-0.0413954709132
495,509,-0.0205918661032
495,515,-0.028179800306
497,499
497,500
497,501
26,28
26,29
21,23
21,24
2288,2290
2288,2291
2283,2285
2283,2286
2578,2580,0.666760608173
2578,2585,0.211663688139
2575,2577
2575,2578
2573,2575,-0.037820057888
2573,2592,-0.00517749189767
2374,2376
2374,2377
2374,2378
2372,2374,-0.000600430551802
2372,2380,-0.0115362632123
2372,2386,-0.0114702173816
2372,2408,-0.0103323738771
2592,2594
2592,2595
2592,2596
1085,1087
1085,1088
1873,1875
1873,1876
1871,1873,0.179584777934
1871,1878,-0.00572387402593
1871,1883,0.0288643166642
1871,1888,-0.0343046818264
1878,1880
1878,1881
975,977
975,978
970,972
970,973
180,182
180,183
2110,2112
2110,2113
2115,2117
2115,2118
2621,2623
2621,2624
2626,2628
2626,2629
1918,1920
1918,1921
1911,1913,-0.0306860568224
1911,1918,-0.0329396772391
1913,1915
1913,1916
869,871,-0.00516682657298
869,877,-0.0220290136417
869,899,-0.0158616746128
869,905,-0.00953208574537
863,865
863,866
2024,2026,-0.00300497272094
2024,2031,-0.0514958358797
2024,2036,-0.0050553562224
2024,2041,-0.0115856246942
2026,2028
2026,2029
881,883
881,884
886,888
886,889
775,777,-0.0296647946053
775,782,-0.0255753274732
775,787,-0.0252074158177
775,792,-0.00720595053809
777,779
777,780
772,774
772,775
1043,1045
1043,1046
1681,1683
1681,1684
1686,1688
1686,1689
1267,1269
1267,1270
1265,1267,-0.0295744006289
1265,1272,-0.015925074309
1265,1277,-0.0249777254653
1265,1282,-0.00848143695747
660,662
660,663
1466,1468
1466,1469
1315,1317
1315,1318
1313,1315,1.41086217285
1313,1320,0.194978254213
319,321
314,316
314,317
1334,1336
1334,1337
2293,2295
2293,2296
2562,2564
2562,2565
2365,2367
2365,2368
2360,2362
2360,2363
2585,2587
2585,2588
2580,2582
2580,2583
1867,1869,-0.0155839222228
1867,1895,-0.0274611366434
1869,1871
962,964
962,965
968,970,0.13613866075
968,975,-0.0166109847941
968,980,-0.0217927563798
968,985,1.79292663741
2100,2102
2100,2103
2105,2107
2105,2108
2636,2638
2636,2639
2631,2633
2631,2634
1240,1242
1240,1243
877,879
877,897
871,873
871,874
871,875
2036,2038
2036,2039
2031,2033
2031,2034
891,893
891,894
899,901
899,902
899,903
760,762
760,763
760,764
1786,1788
1786,1789
1074,1076
1074,1077
1679,1681,-0.0587755879589
1679,1686,-0.00722696682814
1679,1691,-0.0148918054073
1679,1696,-0.00938994516033
1673,1675
1673,1676
1094,1096
1094,1097
1090,1092
1092,1094,-0.020551987105
1092,1099,-0.0123774081741
1092,1104,-0.021167286694
1534,1536,-0.0120543118808
1534,1541,-0.0536829457711
1534,1546,-0.0342276176794
1099,1101
1099,1102
672,674
672,675
2557,2559
2557,2560
1410,1412
1410,1413
1415,1417
1415,1418
1320,1322
1320,1323
1526,1528
1526,1529
1252,1254,-0.0357238224074
1252,1259,-0.0160249793762
1259,1261
1259,1262
309,311
309,312
301,303
301,304
307,309,-0.0226324892074
307,314,-0.0193585463228
307,319,-0.0204703142676
470,472,-0.0272589814938
470,477,-0.0171779830054
470,482,-0.0120410101675
2353,2355,0.72716649075
2353,2360,0.0679384776449
2353,2365,-0.0135872438348
2355,2357
2355,2358
1895,1897
1895,1898
2136,2138
2136,2139
2134,2136,1.42482305423
2134,2141,0.143508972896
952,954
952,955
957,959
957,960
477,479
477,480
2002,2004
2002,2005
2000,2002,-0.00112025573537
2000,2007,-0.00621883432884
2000,2012,-0.000670696230311
2000,2017,-0.00544055111705
2007,2009
2007,2010
665,667
665,668
918,920,-0.0169824295862
918,925,-0.0310303565184
918,930,-0.0158721701561
1799,1801
1799,1802
1799,1803
717,719
717,720
712,714
712,715
710,712,0.19187089941
710,717,2.07784667652
1069,1071
1069,1072
2179,2181
2179,2182
1062,1064,-0.0150012452237
1062,1069,-0.0150404181712
1062,1074,-0.01441789029
1064,1066
1064,1067
1668,1670
1668,1671
1663,1665
1663,1666
1661,1663,-0.054989891015
1661,1668,-0.0093030283367
1661,1673,-0.0046731996139
591,593
591,594
1083,1085,-0.0123396576866
1083,1090,0.511512820854
1083,1111,-0.0131679335073
1083,1116,0.150574513938
596,598
596,599
1400,1402
1400,1403
1405,1407
1405,1408
1630,1632,-0.00700217920113
1630,1654,-0.0304867586516
1546,1548
1546,1549
1339,1341
1339,1342
440,442
440,443
445,447
445,448
1332,1334,-0.00545051414088
1332,1339,-0.0139818148256
1332,1344,-0.00896307095458
31,33
31,34
1245,1247
1245,1248
644,646,1.00185453203
644,651,-0.0147272871702
644,656,0.294657891684
644,672,-0.014399585553
646,648
646,649
333,335
333,336
2342,2344
2342,2345
1888,1890
1888,1891
1883,1885
1883,1886
2122,2124
2122,2125
2127,2129
2127,2130
947,949
947,950
945,947,-0.0169621792729
945,952,0.16323175431
945,957,1.5910974188
945,962,-0.0131562388947
2659,2661
2659,2662
2652,2654,-0.0159334142491
2652,2659,-0.00147195334548
2654,2656
2654,2657
131,133
131,134
2017,2019
2017,2020
2012,2014
2012,2015
703,705
703,706
88,90
88,91
86,88,-0.0123962458191
86,93,-0.0622638983814
86,98,-0.0201602815346
1654,1656
1654,1657
1654,1658
589,591,0.477993523684
589,596,1.15435439132
1436,1438
1436,1439
1434,1436,-0.00195085398604
1434,1441,-0.0218420831745
452,454
452,455
1344,1346
1344,1347
656,658
1503,1505,-0.0326503511909
1503,1510,-0.00996821219558
1503,1526,-0.00646308112626
651,653
651,654
658,660,-0.0245184526527
658,665,-0.0228965442271
323,325
323,326
321,323,0.789783640556
321,328,-0.0158608123462
321,333,0.159615666114
328,330
328,331
2330,2332
2330,2333
2337,2339
2337,2340
2488,2490
2488,2491
2486,2488,0.497641169299
2486,2493,0.258786845578
2246,2248
2246,2249
2241,2243
2241,2244
122,124
122,137
124,126,-0.0230479906142
124,131,-0.0428473328318
126,128
126,129
2068,2070
2068,2071
2063,2065
2063,2066
2666,2668,-0.0495486013027
2666,2673,-0.00634594845641
2666,2678,-0.00171109731507
2668,2670
2668,2671
1646,1648
1646,1649
1641,1643
1641,1644
570,572
570,573
577,579
577,580
731,733
733,735,-0.0273895365077
733,740,-0.0167327341268
735,737
735,738
468,470
1352,1354
1352,1367
1352,1368
1350,1352,-0.00898128250927
1350,1370,-0.0341627262102
461,463,-0.0159984803624
461,468,-0.0168849084716
461,489,-0.014280664695
463,465
463,466
1354,1356,-0.0114708274859
1354,1361,-0.0328829747728
1519,1521
1519,1522
1514,1516
1514,1517
1510,1512
1512,1514,-0.0320096989439
1512,1519,-0.0169177847157
354,356
354,357
352,354,-0.00893777446983
352,359,-0.0165096324151
352,364,0.228212008934
352,369,0.339815876803
350,352
359,361
359,362
1111,1113
1111,1114
2320,2322
2320,2323
2325,2327
2325,2328
289,291,-0.00664831495794
289,296,-0.0222297933147
289,301,-0.0187142571762
262,264
262,265
260,262,-0.015779424611
260,267,0.709168326272
260,272,-0.0127693796466
260,277,0.0732544149882
267,269
267,270
2499,2501,1.89681254273
2499,2506,-0.00347031864719
2499,2511,0.111326111822
2493,2495
2493,2496
2251,2253
2251,2254
2474,2476
2474,2477
980,982
980,983
2479,2481
2479,2482
985,987
985,988
114,116,-0.0162729513757
114,122,-0.0134360237014
116,118
116,119
116,120
2075,2077
2075,2078
2673,2675
2673,2676
2678,2680
2678,2681
1632,1634
1632,1652
1634,1636,-0.00988709636454
1634,1641,-0.0064461963394
1634,1646,-0.0206873094382
1983,1985
1983,1986
1636,1638
1636,1639
1981,1983,-0.00758732110622
1981,1988,-0.032300256636
1988,1990
1988,1991
561,563
563,565,-0.0107148560199
563,570,-0.0295548126243
565,567
565,568
1188,1190
1188,1191
1181,1183
1181,1184
726,728
726,729
724,726,-0.0123188930525
724,731,-0.0290917235012
724,747,0.376063194206
724,752,1.0262743345
1749,1751
1749,1752
1742,1744
1742,1745
1161,1163
1161,1164
45,47
45,48
43,45,-0.0176455059874
43,50,-0.0147389496652
1299,1301,0.153925039632
1299,1306,1.69242968209
1562,1564
1562,1587
1291,1293
1291,1294
1291,1295
1291,1296
1291,1297
1291,1298
1291,1299
1291,1312
1291,1313
1291,1326
1291,1327
1291,1328
1291,1329
1291,1330
1291,1331
1291,1332
1291,1350
1291,1394
1291,1395
1291,1396
1291,1397
1291,1398
1291,1421
1291,1422
1291,1423
1291,1424
1291,1425
1291,1426
1291,1427
1291,1428
1291,1429
1291,1430
1291,1431
1291,1432
1291,1433
1291,1434
1291,1447
1291,1448
1291,1477
1291,1478
1291,1479
1291,1480
1291,1498
1291,1499
1291,1500
1291,1501
1291,1502
1291,1503
1291,1532
1291,1533
1291,1534
1291,1552
1291,1553
1291,1554
1291,1590
1291,1591
1291,1625
1291,1626
1291,1627
1291,1628
1291,1629
1291,1630
1291,1661
1291,1679
1291,1723
1291,1724
1291,1725
1291,1726
1291,1760
1291,1773
1291,1774
1291,1806
1291,1807
1291,1808
1291,1809
1291,1832
1291,1866
1291,1867
1291,1901
1291,1902
1291,1947
1291,1960
1291,1961
1291,1962
1291,1963
1291,1964
1291,1965
1291,1966
1291,1967
1291,1996
1291,1997
1291,1998
1291,1999
1291,2000
1291,2023
1291,2024
1291,2047
1291,2086
1291,2087
1291,2088
1291,2089
1291,2133
1291,2134
1291,2147
1291,2148
1291,2149
1291,2150
1291,2163
1291,2176
1291,2177
1291,2190
1291,2232
1291,2233
1291,2234
1291,2257
1291,2258
1291,2259
1291,2260
1291,2261
1291,2262
1291,2275
1291,2276
1291,2299
1291,2300
1291,2301
1291,2302
1291,2303
1291,2304
1291,2348
1291,2349
1291,2350
1291,2351
1291,2352
1291,2353
1291,2371
1291,2372
1291,2415
1291,2454
1291,2455
1291,2456
1291,2457
1291,2458
1291,2459
1291,2460
1291,2461
1291,2462
1291,2485
1291,2486
1291,2499
1291,2517
1291,2518
1291,2519
1291,2520
1291,2521
1291,2522
1291,2523
1291,2524
1291,2571
1291,2572
1291,2573
1291,2599
1291,2600
1291,2601
1291,2619
1291,2642
1291,2643
1291,2644
1291,2645
1291,2646
1291,2647
1291,2648
1291,2649
1291,2650
1291,2651
1291,2652
1291,2665
1291,2666
1291,2684
1291,2685
1291,2703
1291,2704
1291,2705
1291,2706
1291,2707
1291,2730
1291,2731
1291,2732
1291,2733
1291,2734
1291,2735
1564,1566,0.124647440949
1564,1571,-0.0152255847382
1564,1576,0.172240286809
1564,1581,0.868253385379
1566,1568
1566,1569
1710,1712
1710,1713
472,474
472,475
1361,1363
1361,1364
