####NODES####
344,LEAVE,130,3.10125491305,1.12445276706
346,PRD
341,PRD
343,LEAVE,81,0.474676530459,-0.0254900694645
2918,LEAVE,113,-0.141935125497,0.405431775422
348,LEAVE,81,-0.175505702354,0.00908932105936
349,LEAVE,130,2.75615317226,1.29292509289
2919,LEAVE,203,0.125475357121,0.0624755507802
2318,PRD
2316,LEAVE,246,-0.0900228500263,-0.0208199684104
2315,LEAVE,41,0.111834146897,0.398966526629
2313,PRD
2311,SUM
299,LEAVE,119,-0.137898943187,-0.0109149083798
297,PRD
294,LEAVE,119,-0.128033903049,-0.00339933173413
295,LEAVE,1,0.0700981615128,0.552463193868
292,PRD
290,LEAVE,1,0.239180915146,0.00857465207155
271,LEAVE,18,-0.225325247033,0.549219171383
272,LEAVE,241,0.63,-0.0269127561191
274,PRD
276,LEAVE,241,0.069,-0.031649247623
277,LEAVE,18,1.85608374127,-0.000859524198124
2268,LEAVE,181,-0.17756135513,0.00223675920709
2269,LEAVE,43,0.0763410545551,0.461380739618
2262,LEAVE,132,-0.262863984773,0.452197105402
2263,LEAVE,107,0.0345703537187,0.507004378038
2260,LEAVE,197,-0.233949805614,0.602420042645
2261,LEAVE,96,-0.216890023821,0.422293128266
2266,PRD
2264,SUM
2442,LEAVE,223,0.02045521583,-0.0250119457665
2441,LEAVE,84,-0.778808062914,0.001306036451
2446,LEAVE,84,0.804927435964,-0.0146039085406
2447,LEAVE,223,-0.0886274840692,0.00393011066145
2444,PRD
2449,PRD
108,LEAVE,166,-0.627100142493,-0.000606753231331
109,LEAVE,237,0.1161,-0.0402065754921
103,LEAVE,166,-0.627100142493,0.000885965416445
101,PRD
106,PRD
104,LEAVE,237,0.1161,-0.0394850094261
2047,PRD
2044,LEAVE,202,-0.410603130985,0.000938859558039
2045,LEAVE,152,-0.472376589201,-0.00376828943872
2042,PRD
2040,SUM
2049,LEAVE,152,-0.166975111211,-0.0371990812141
2737,PRD
2688,LEAVE,117,-1.35625238835,-0.00645501262845
2689,LEAVE,141,1.07186231938,-0.0110183840768
2684,LEAVE,141,0.0963676649283,0.249882993879
2686,PRD
2681,PRD
2683,LEAVE,117,-0.0658384243587,0.284231949223
99,LEAVE,237,0.3181,-0.0265545511136
98,LEAVE,166,-0.67083032562,0.404174662945
3019,LEAVE,155,0.263318785233,0.448096379698
91,PRD
93,LEAVE,166,-0.158019818158,-0.00354231900051
94,LEAVE,237,0.3181,-0.0305007053299
96,PRD
1622,LEAVE,153,-0.31414582759,0.486435252057
1621,LEAVE,65,0.0891134243779,-0.0350741977053
1992,LEAVE,98,-0.033049224052,0.36812865233
1626,PRD
1997,LEAVE,2,-0.168172288888,-0.0273886077766
1996,LEAVE,98,-0.0965347736069,0.255351680466
1998,LEAVE,64,0.488975366192,0.462537375292
1629,SUM
1628,LEAVE,153,-0.299059393217,0.47130774674
2860,LEAVE,18,-0.184063607961,0.573867010202
2861,LEAVE,209,-0.905247612696,-0.00321606365532
2863,PRD
558,LEAVE,177,0.0508888577485,0.585615795478
2866,LEAVE,209,0.487519426465,-0.00494427235383
2868,PRD
554,PRD
557,LEAVE,9,-0.162549504261,-0.00698584296439
556,LEAVE,30,3.86138178101,-0.00441214689774
551,LEAVE,61,0.119064513934,0.468076737957
550,LEAVE,121,0.332543371297,0.578975092097
552,SUM
3015,LEAVE,29,-0.282636498506,-0.0188334329784
1199,LEAVE,141,-0.157634502595,1.140145896e-06
1198,LEAVE,48,0.0458010449772,-0.00720564012182
1191,PRD
1193,LEAVE,48,0.0463675293912,-0.0214491653723
1194,LEAVE,141,0.282860107244,-0.0115293785626
1196,PRD
1758,LEAVE,120,0.00831983521268,0.469337416976
1757,LEAVE,22,0.207441406144,0.46296076195
1755,PRD
1753,LEAVE,120,1.32267000298,-0.0162486011066
1752,LEAVE,22,0.171181241514,-0.00193937433083
1750,PRD
1177,PRD
1173,LEAVE,141,0.389379705883,0.00817032225513
1172,LEAVE,48,0.0416415797758,-0.0133727699256
1170,PRD
1179,SUM
511,PRD
513,LEAVE,104,0.847658422692,0.0047756627593
1284,LEAVE,165,0.0599648464908,0.489792687288
1287,LEAVE,202,-0.169,-0.0239856469945
1281,PRD
1283,LEAVE,235,-0.3341,-0.0222250580369
1289,LEAVE,126,-0.436185498289,0.563337194197
1288,LEAVE,65,0.151945353309,0.413495638516
514,LEAVE,229,-0.2835,-0.0127799530341
1579,SUM
689,SUM
685,SUM
687,PRD
516,PRD
681,LEAVE,174,0.314468845063,0.614795787088
1576,LEAVE,166,-0.133229938839,0.596894597563
1575,LEAVE,125,-1.97887425979,0.442633434938
682,LEAVE,111,0.20269784407,0.513783766093
1226,SUM
1221,LEAVE,78,-0.081895456143,-0.0101893029713
2740,LEAVE,164,-0.441263791844,-0.0114601541966
2743,SUM
406,PRD
1373,LEAVE,155,0.134762216191,0.609320182545
1372,LEAVE,228,-0.043,-0.0123759955275
403,LEAVE,86,0.052471355149,0.372094707629
402,LEAVE,128,0.161336322114,0.55777159286
401,LEAVE,127,0.0580990547333,0.413933100208
400,LEAVE,175,-1.1126248073,0.851180596389
1378,PRD
1342,LEAVE,147,-0.624365344292,-0.000309443796245
409,LEAVE,37,0.463592851553,-0.0160631105823
408,LEAVE,224,-0.237,-0.012722630622
2747,LEAVE,74,0.30554326932,0.535097088498
2748,LEAVE,10,0.0528737797847,0.316351794905
1347,LEAVE,147,-0.18107870252,0.00293332551916
378,LEAVE,213,-0.4816,-0.0219444095283
370,PRD
373,LEAVE,213,-0.4816,-0.0196323399437
372,LEAVE,72,0.252351064252,0.234335998576
375,PRD
377,LEAVE,72,0.141423543563,0.484343948368
393,LEAVE,43,0.166798892755,0.52124709191
391,PRD
397,LEAVE,240,-0.0803,-0.0190945351171
394,LEAVE,53,-0.0326754868729,0.378105563198
399,LEAVE,168,-0.10987951859,0.614591804019
398,LEAVE,152,-0.257244450095,0.587912279255
2308,LEAVE,75,-1.84210597891,0.403185071356
2300,PRD
2303,LEAVE,75,-1.24263030352,0.829730433855
2302,LEAVE,212,-0.210873295226,0.555989991858
2305,PRD
2307,LEAVE,212,-0.396349999641,0.35375292003
244,PRD
247,LEAVE,243,-0.1028,-0.0399250168346
246,LEAVE,186,0.109138713431,-0.00444167273507
241,LEAVE,186,0.104085783606,0.477209517354
242,LEAVE,243,-0.4676,-0.03706151748
249,PRD
2275,PRD
2277,LEAVE,43,0.107950344197,0.482904673649
2271,PRD
2273,SUM
2404,LEAVE,59,-0.141201075341,-0.000330117863287
2278,LEAVE,181,0.0876796702795,0.676763297637
2458,SUM
2457,LEAVE,103,-0.190947358566,0.482391183817
2451,LEAVE,84,0.00164743683068,0.00424128747019
2452,LEAVE,223,0.318096870506,-0.0010523163375
178,LEAVE,249,0.3039,-0.0516734295474
177,LEAVE,36,0.102938939601,0.39518382095
176,LEAVE,170,-0.0114013049756,0.556453942058
174,PRD
172,SUM
171,LEAVE,54,0.446335788065,0.428219583205
170,LEAVE,8,-0.217233157705,0.432902160762
2050,LEAVE,202,-0.0672826111362,0.395711334247
2052,PRD
2055,LEAVE,202,-0.126563377809,0.480945596531
2054,LEAVE,152,-0.124530133983,0.486304901367
2059,LEAVE,242,-0.0317482462867,0.438525743925
2058,LEAVE,167,-0.0494403833007,0.347485450618
1507,PRD
1505,SUM
3086,LEAVE,1,0.194514476327,0.606772120499
1601,LEAVE,247,-0.288069430329,0.698654432825
2699,LEAVE,27,0.0281585834713,0.426862502251
2696,LEAVE,117,-0.051883659855,0.518522742224
2695,LEAVE,141,-0.00873267877551,0.594836661105
3082,SUM
2693,PRD
1972,LEAVE,2,2.03627712474,0.00643787570164
1606,LEAVE,65,0.198303084819,0.450932371971
1968,LEAVE,98,0.00689493742289,0.411086479929
1619,PRD
1616,LEAVE,65,0.125739758175,0.427142096715
1617,LEAVE,153,0.409353643445,-0.050339524022
1614,PRD
1967,LEAVE,2,-0.470081701722,-0.0188526421607
1960,PRD
1962,LEAVE,2,-0.0848594890431,0.471732832698
1611,LEAVE,65,0.012511096512,-0.0399455801766
2871,LEAVE,209,0.104791934468,0.670815938615
2870,LEAVE,18,-0.149673496017,0.560090800474
2877,LEAVE,130,2.85270156366,1.32164169135
2876,LEAVE,53,-0.192721836884,0.482338590758
2542,LEAVE,176,-0.350180481242,0.553686309868
2879,SUM
2878,LEAVE,7,0.0365241713048,0.497215756223
1768,LEAVE,63,-0.182377780543,0.422016378327
1769,LEAVE,49,-0.0395676459421,0.537333884585
1762,PRD
1764,LEAVE,120,-0.0117362641523,0.449516801973
1765,LEAVE,22,0.311980919976,-0.0260573120586
1142,LEAVE,141,1.3229716714,-0.00101713152109
2965,LEAVE,195,0.188557539868,-0.000572519821303
1141,LEAVE,48,-0.106615072866,-0.0103088080709
1146,LEAVE,48,-0.0436282483599,-0.00429089898408
1147,LEAVE,141,1.31886068789,-0.00661872299043
1144,PRD
1149,PRD
2967,PRD
1546,LEAVE,4,0.35527351072,0.640146777667
1547,LEAVE,157,0.0700378245994,0.504975553649
1544,PRD
691,PRD
1542,LEAVE,4,0.526878687504,0.279812750259
694,LEAVE,206,-0.4285,-0.0126506691417
1541,LEAVE,157,0.124267790731,0.496143122689
698,LEAVE,23,-0.657089733915,-0.0144685599795
699,LEAVE,206,0.1816,-0.0371572397017
1549,PRD
542,PRD
762,LEAVE,10,0.149630013292,-0.00376881260561
540,LEAVE,56,-0.354792022927,0.558424538283
544,LEAVE,85,0.00480477139511,-0.0112019000208
545,LEAVE,56,-0.186159083635,0.491520099792
548,LEAVE,124,0.234582909265,0.500871475157
549,LEAVE,219,-0.1543,-0.0189026924556
1782,LEAVE,17,-0.0367756501667,0.462584427662
2969,LEAVE,144,-0.0839651851903,0.448555084389
415,PRD
417,LEAVE,37,0.0097162152623,0.572217657547
1388,PRD
411,PRD
413,SUM
1385,LEAVE,117,0.081922978323,-0.0119538802102
1386,LEAVE,15,0.0880891226157,-0.0194947408538
1380,LEAVE,15,0.0146200629123,-0.00173402570569
1381,LEAVE,117,-0.00962164476692,-0.0188028583792
1383,PRD
3042,LEAVE,245,0.188588186207,-0.00116073188211
368,LEAVE,72,0.192409173267,0.000865682928837
367,LEAVE,213,-0.8334,-0.0502162833631
365,PRD
362,LEAVE,92,0.0100699902736,0.391083720319
363,SUM
361,LEAVE,230,3.5416,-0.0376663560611
381,LEAVE,87,0.127625754384,0.409561652678
382,LEAVE,227,-0.0244,-0.0356316773141
383,LEAVE,184,-0.000580485335796,0.495816099599
384,SUM
386,PRD
388,LEAVE,53,-0.188319924113,0.536928362913
389,LEAVE,43,0.00476817838022,0.406923413837
2190,LEAVE,85,-0.0761401837795,0.371243750645
2191,SUM
258,LEAVE,186,-1.53057139276,-0.0199184236719
2193,PRD
2195,LEAVE,173,-0.14779410787,0.154830526122
2196,LEAVE,97,-0.203445727125,0.529653827125
2198,PRD
251,LEAVE,186,-1.84820989618,0.00725106097714
256,PRD
2200,LEAVE,173,0.369241076899,0.00504293799979
2201,LEAVE,97,-0.216702084527,0.619693620075
2203,PRD
2205,LEAVE,97,-0.261742387924,0.667160559982
2206,LEAVE,173,-0.0642227915594,0.5026964212
2209,LEAVE,183,-0.265221605391,0.464368330627
2428,PRD
2420,LEAVE,84,0.216143021518,-0.019050793821
2421,LEAVE,223,-0.0430105707361,0.405202929249
2423,PRD
2425,LEAVE,84,0.00191560902668,0.00236986387422
2426,LEAVE,223,0.0158610134221,-0.0103534826216
169,LEAVE,98,-0.0292822906095,0.281665433005
165,LEAVE,74,0.215753979998,0.522441229348
166,LEAVE,33,-0.296617260982,0.48544678063
160,LEAVE,74,-0.0382428900834,-0.0038456099818
161,LEAVE,33,-0.144610239343,0.51673799229
163,PRD
2519,LEAVE,16,0.103655064003,-0.0413781969206
1842,LEAVE,210,0.0191014040229,0.337894052356
2514,LEAVE,16,0.537483181018,-0.0208316590285
2515,LEAVE,244,-0.0856964689381,0.423479205113
2517,PRD
2510,SUM
2512,PRD
2734,LEAVE,164,-1.52613957277,-0.0160965464198
2735,LEAVE,104,0.352386709543,-0.0116636617387
1840,PRD
2730,LEAVE,104,0.355440868785,0.610698987224
2732,PRD
2739,LEAVE,104,1.00808026437,0.00100922269292
679,PRD
1815,LEAVE,38,-0.232162622964,-0.0249762555173
1816,LEAVE,126,-0.395867202722,0.573551493672
1810,LEAVE,38,0.016413510613,-0.0364404997226
1811,LEAVE,126,-0.3961420083,0.531377773059
1813,PRD
1818,PRD
671,LEAVE,111,-0.0470743241692,-0.0342719285913
2401,PRD
1609,PRD
1979,SUM
1977,PRD
1602,SUM
1973,LEAVE,98,-0.0695703950033,-0.0215894258076
1604,PRD
1607,LEAVE,153,0.114928159724,-0.0209595813712
1970,PRD
808,LEAVE,220,0.3456,-0.0388063925899
803,LEAVE,220,0.1007,-0.0356089644686
802,LEAVE,129,-0.244464393265,0.521070149119
800,PRD
807,LEAVE,129,-0.178776088965,0.53128184508
805,PRD
2849,PRD
2846,LEAVE,18,-0.843522251767,-0.0233040068936
2847,LEAVE,209,-0.0713362068897,0.443950406472
2844,PRD
2840,LEAVE,209,0.112421417137,0.00122336173478
1775,LEAVE,5,0.175363970389,0.500690197284
1774,LEAVE,35,-0.0757416724207,0.371947209575
1777,LEAVE,192,-0.0119537226476,0.424373807433
1776,LEAVE,138,0.0960819076326,0.46037569414
1771,LEAVE,215,0.145449582036,0.443145453532
1770,LEAVE,230,2.78607220853,1.35270858121
1773,LEAVE,189,-0.106870722515,0.465896474404
1772,LEAVE,241,0.077114804573,0.385125570443
1778,SUM
1159,LEAVE,48,-0.0923566119247,0.00479560714917
1158,LEAVE,141,-0.00300678924947,-0.0145594745006
1156,PRD
1151,LEAVE,48,-0.0709173845124,-0.0252507141753
1152,LEAVE,141,-0.165143296119,-0.00313213080519
3039,PRD
1551,LEAVE,4,0.461697879539,0.380673168725
2999,LEAVE,195,-0.0174319109747,0.453576498007
1552,LEAVE,157,-0.184338141158,-0.0350508556336
1554,PRD
1557,LEAVE,4,0.458833041565,0.396306246921
1556,LEAVE,157,-0.554036955658,-0.011024485526
2990,LEAVE,193,-0.0305968566153,-0.0304504608878
54,PRD
57,LEAVE,67,-0.041750530432,0.207577255385
56,LEAVE,171,0.340674178152,0.636010375195
51,LEAVE,171,0.348983582604,0.599846029177
2995,LEAVE,144,0.0623042659733,0.543090443226
3032,SUM
52,LEAVE,67,-0.062084073189,0.44463663596
537,PRD
3034,PRD
535,LEAVE,85,-0.332164573728,-0.0244226703883
534,LEAVE,56,-0.426550383363,0.00146508238453
532,PRD
530,SUM
3036,LEAVE,222,-0.155487542904,-0.0109354586046
1081,PRD
3037,SUM
2994,LEAVE,131,0.189871379138,0.613791657249
3031,LEAVE,112,-0.312821978482,0.460632050534
2997,PRD
428,LEAVE,224,-0.0375,-0.0236927851249
1399,LEAVE,197,-0.477860462865,0.871629044872
1396,LEAVE,117,-0.129491962179,-0.00547296110764
1395,LEAVE,15,0.0875110116662,-0.0129367424826
422,LEAVE,37,0.151461186533,0.347636722818
1393,PRD
427,LEAVE,37,0.320974420904,-0.029183691297
1390,LEAVE,117,-0.0437827871938,0.332827960831
539,LEAVE,85,-0.043573363163,0.412783851545
2182,PRD
2180,LEAVE,48,-0.0746612094997,-0.0461452601909
2185,LEAVE,48,-0.266711039601,-0.00992794538415
2184,LEAVE,12,-1.07965242985,-0.0269704316813
227,LEAVE,24,0.256775592395,0.515120192689
226,LEAVE,143,0.0655802490022,0.472448737035
225,LEAVE,144,-0.0185046562327,0.421168933776
222,LEAVE,193,0.0890989769968,0.585579172421
221,LEAVE,189,-0.171560446109,0.551842533796
2212,SUM
2211,LEAVE,92,-0.000552121356012,0.427074806388
2210,LEAVE,143,0.0865840867539,0.478325983916
2217,LEAVE,79,0.174244366216,-0.00846603072614
2216,LEAVE,204,0.107880612346,-0.0136267719947
2214,PRD
2219,PRD
763,LEAVE,220,0.1007,0.00295765465852
151,LEAVE,33,-0.311448464995,0.373767006531
150,LEAVE,74,-0.190688033889,-0.0106540423034
153,PRD
155,LEAVE,33,-0.148643827084,-0.0369903104681
156,LEAVE,74,0.304109912048,0.514622305557
158,PRD
2431,LEAVE,223,-0.230104205007,-0.000431531163043
2430,LEAVE,84,0.0753451491859,0.271784064918
2437,SUM
2435,PRD
2508,PRD
2506,LEAVE,6,-0.252509194071,0.616678302216
2503,LEAVE,244,1.42902639416,-0.0152937834422
2502,LEAVE,89,-0.201933077222,0.304577468187
2501,LEAVE,16,0.0614143651818,0.350169752688
2727,PRD
2725,LEAVE,164,0.406395940424,0.50898969728
2724,LEAVE,104,0.515844683739,0.289858334519
2722,PRD
2720,SUM
2729,LEAVE,164,0.316458580507,0.342388229355
1806,LEAVE,126,0.124397993953,0.00211447985793
1805,LEAVE,38,0.145381687677,0.48494274962
1803,PRD
1801,SUM
1808,PRD
1949,PRD
1940,LEAVE,88,0.126383462499,0.00487460860886
1941,LEAVE,231,0.194614431252,0.535353050747
1946,LEAVE,219,-0.276348560121,0.471260098444
1947,SUM
818,LEAVE,55,0.199617291453,0.480681592492
819,LEAVE,134,0.0338071722248,0.315060642431
1255,LEAVE,159,-0.16589044838,0.611139018923
810,PRD
812,LEAVE,129,1.43528949689,-0.00442282149383
813,LEAVE,220,0.18103890706,0.00120472001249
2858,PRD
2851,LEAVE,18,-0.173100090415,0.578549160009
1251,SUM
2854,PRD
2856,SUM
1491,LEAVE,246,-0.0808,-0.0406789926253
1492,LEAVE,207,-0.3109,-0.0421339777958
1494,PRD
1496,LEAVE,246,-0.0808,-0.0495622769603
1497,LEAVE,207,-0.3109,-0.0406407349144
423,LEAVE,224,-0.0375,-0.0278247061451
1994,PRD
1700,PRD
1702,LEAVE,106,0.0419266020884,0.680153025803
1703,LEAVE,168,-0.248991731365,0.57980263001
1705,PRD
1707,LEAVE,106,-0.4550261234,0.0544670501098
1708,LEAVE,168,-0.151480729169,0.57515224774
425,PRD
1391,LEAVE,15,0.189190160476,0.445048371661
1128,LEAVE,120,2.07930309395,0.00459446519631
1129,LEAVE,135,-0.924739099583,-0.0004894424068
1121,PRD
1123,LEAVE,135,0.00739989917157,-0.0210437675218
1124,LEAVE,120,-0.0168000956105,-0.0200683283895
1126,PRD
2988,PRD
3029,LEAVE,216,-0.0324817104146,0.457962711262
3028,LEAVE,36,0.0938100280406,0.391775115922
2983,PRD
2981,LEAVE,195,0.360196258628,-0.0355249503502
2980,LEAVE,193,-0.467969372033,-0.0548525310897
2986,LEAVE,195,-0.00792537080411,0.29926534633
2985,LEAVE,193,0.174930943102,0.477253918195
3020,LEAVE,29,0.354290499829,0.00120840543704
525,LEAVE,104,0.555912649576,0.345112828104
526,LEAVE,229,-0.2835,-0.0234681441174
1018,LEAVE,80,3.00676731256,1.24234601831
1019,LEAVE,181,0.0940534910809,0.608458486149
523,PRD
1014,LEAVE,41,0.109034920923,0.400495151944
1015,LEAVE,59,-0.0838618565012,0.402955703031
1010,LEAVE,41,0.630790453548,-0.0075552655151
529,LEAVE,247,-0.5666,-0.0430007286453
1012,PRD
1235,LEAVE,78,-0.260381296939,0.00116430278786
1236,LEAVE,101,0.249231316896,0.00416350756614
1230,LEAVE,78,0.191583262267,0.586164345591
1231,LEAVE,101,0.243488948939,-0.0385512145743
1233,PRD
1238,PRD
438,LEAVE,0,0.278488123993,0.420121311205
439,LEAVE,187,-0.00668847982879,0.572080337625
434,LEAVE,224,-0.237,-0.0190205321301
435,LEAVE,37,-1.13588637379,-0.00292331503603
432,PRD
2865,LEAVE,18,-0.228553388456,0.554589963997
3162,LEAVE,0,0.30192001293,0.409728190303
3060,LEAVE,222,1.71727858329,-0.0181771678749
2464,SUM
3065,LEAVE,46,-0.22407240614,0.419084725914
3064,LEAVE,222,0.23504369006,0.445319429876
2466,PRD
3161,LEAVE,129,-0.252164275031,0.476863612533
239,PRD
234,PRD
2460,PRD
236,LEAVE,186,0.109138713431,-0.0225345640572
237,LEAVE,243,-0.2452,-0.0359615810621
230,PRD
232,SUM
2462,LEAVE,244,-0.052210432525,0.419590593235
2229,PRD
2226,LEAVE,79,-0.22056118858,0.488258122171
2227,LEAVE,204,0.332305555093,-0.00664396944073
2224,PRD
2463,LEAVE,16,-0.0488430542052,0.0915785742864
2222,LEAVE,79,-0.284602829017,-0.0223140668547
2221,LEAVE,204,0.4428830008,0.44712968705
1,SUM
146,SUM
142,LEAVE,50,0.181818990572,-0.0023858134516
143,LEAVE,191,0.0127343120518,-0.0195554351503
140,PRD
2468,LEAVE,6,-0.424956283906,-0.0244989704711
148,PRD
2469,LEAVE,89,-0.110441575046,0.460065328334
2088,LEAVE,171,0.196061388871,0.3959507144
2083,SUM
2080,LEAVE,9,-0.238092688335,-0.0252444013841
2087,LEAVE,58,-0.24192225895,0.3165585755
2085,PRD
2538,SUM
2533,LEAVE,6,-0.490446573073,0.00217134828555
2530,LEAVE,244,-0.0212786939133,0.403585195967
2537,LEAVE,158,-0.200363044221,0.422363725688
2534,LEAVE,89,-0.222395120946,0.535194703994
2712,LEAVE,179,-0.254646859967,0.507995458908
2711,LEAVE,218,-0.252779460723,0.580520564287
2716,LEAVE,218,-0.844462217238,0.00652434793113
2717,LEAVE,179,0.176713375463,0.00292128938556
2714,PRD
1832,LEAVE,114,0.386280114881,0.461183720557
1833,LEAVE,108,-0.206481252081,0.423699441558
1830,LEAVE,70,0.0108087387361,0.445620191584
1831,LEAVE,200,0.304662928024,0.433857736336
1836,LEAVE,136,0.0775053284346,0.391481946754
1837,LEAVE,232,-0.282257643181,0.461095713547
1834,LEAVE,3,-0.192835763251,0.487616327611
1835,LEAVE,177,0.0334658481843,0.423150901738
1838,SUM
2155,LEAVE,48,-0.0687331878438,0.143231883105
939,PRD
2150,LEAVE,150,0.315229893543,0.406241673569
2151,SUM
2153,PRD
932,LEAVE,232,-0.1844,-0.0211621068588
931,LEAVE,110,-1.8588805571,-0.00829559276405
937,LEAVE,110,0.275574625066,-0.0297573735778
936,LEAVE,232,-0.1844,-0.0220891428588
934,PRD
3091,LEAVE,1,0.242788709331,-0.038930299002
1955,PRD
1957,LEAVE,64,0.222699614084,0.378384337333
1951,LEAVE,2,-0.247183613071,0.565664138352
1953,LEAVE,98,0.0451102787012,-0.0399634244211
1952,LEAVE,64,0.233497111701,-0.044627426925
1958,SUM
3096,PRD
829,LEAVE,136,0.180462370961,-0.037563721936
828,LEAVE,45,0.360255236435,-0.041307963663
825,PRD
827,LEAVE,25,-1.51790619908,-0.0378164169035
821,LEAVE,79,-0.246526851146,0.456494046031
820,LEAVE,5,0.147649485447,0.517105370715
823,SUM
822,LEAVE,233,-0.1499,-0.0439852035899
3092,LEAVE,52,-0.194800284546,0.505768612611
1482,SUM
1481,LEAVE,154,0.464193726346,0.599098340541
1487,LEAVE,207,-0.5564,-0.0242058642057
1486,LEAVE,246,-0.3782,-0.0152485993827
1484,PRD
1489,PRD
797,LEAVE,129,1.57041836324,-0.00660770718793
1712,PRD
795,PRD
793,SUM
792,LEAVE,10,0.0135969924097,0.355816748233
1715,LEAVE,106,0.181600147581,-0.00785625415022
790,PRD
1719,SUM
1718,LEAVE,13,-0.185995401397,0.418958239572
798,LEAVE,220,0.183036328882,-0.0172198672623
2412,LEAVE,84,0.0134627911698,0.371075730618
1271,LEAVE,38,0.0939382650727,0.450965723248
1272,LEAVE,47,-0.268682991414,0.647696000979
1139,PRD
1133,SUM
1132,LEAVE,46,-0.214709377437,0.427990687882
2416,SUM
1137,SUM
1135,PRD
2792,LEAVE,240,-0.161088974496,0.390604200845
614,PRD
2418,PRD
2791,LEAVE,186,0.772782201162,-0.00999021543945
3012,PRD
2796,LEAVE,186,0.11928163775,-0.00261475427251
3010,LEAVE,29,-0.264535912903,0.524537478426
3017,PRD
3014,LEAVE,155,0.201700454395,0.480016711077
2797,LEAVE,240,-0.10513591975,0.341497628552
519,LEAVE,229,-0.2835,-0.00468548843846
518,LEAVE,104,0.362028615446,0.65577695199
1009,LEAVE,59,-0.144490519565,-0.00134665161968
1007,PRD
1005,LEAVE,59,-0.2290058682,-0.00186228973212
1004,LEAVE,41,-1.46291350807,0.0042775749426
1002,PRD
1000,SUM
623,SUM
622,LEAVE,17,-0.0464301317997,0.362579783012
621,LEAVE,163,-0.149769449001,0.619359334968
1224,PRD
627,SUM
1222,LEAVE,101,0.247082399354,-0.0103812845058
625,PRD
629,PRD
1228,PRD
2883,LEAVE,191,1.3201732597,-0.0227445398894
2881,PRD
2886,PRD
2884,LEAVE,25,-1.65761353954,0.727762556804
2888,LEAVE,25,-1.54022158544,0.737608689168
2889,LEAVE,191,0.0791287443992,0.396213710225
11,LEAVE,58,-0.0522212842604,0.542940684003
13,LEAVE,2,-0.468875816136,0.00750588201188
12,LEAVE,14,0.125525426523,0.00508150366087
15,PRD
17,LEAVE,14,0.434990985768,0.483181607263
19,LEAVE,58,-0.209020470648,0.384499232176
18,LEAVE,2,-0.112178430809,0.482834742404
929,PRD
201,LEAVE,189,-0.209537148119,-0.0110707993561
200,LEAVE,193,-0.0273547969474,-0.00722449574099
203,PRD
205,SUM
207,PRD
209,LEAVE,189,0.882301783681,-0.0476471106576
1573,PRD
1571,LEAVE,166,0.130794028835,0.244587542286
2239,LEAVE,87,0.140830380162,0.470801272199
1570,LEAVE,125,-1.7169172188,0.350330263856
2231,LEAVE,79,-0.264982348159,0.517956272626
2232,LEAVE,204,0.445892596144,0.470645176762
2235,SUM
2237,PRD
228,SUM
2097,LEAVE,175,-1.56116540665,0.714608405174
2096,LEAVE,76,-0.347256679234,0.547775207695
2090,PRD
2093,LEAVE,58,-0.162891192072,0.553849681958
2092,LEAVE,171,0.453702247572,0.653376845837
2099,LEAVE,23,-0.078810423227,0.384304202956
2098,LEAVE,224,0.224981581514,0.51518528998
2525,LEAVE,244,-0.135293714407,0.272940176466
2524,LEAVE,16,0.104065229179,-0.00863575007769
2527,PRD
2520,LEAVE,244,0.0216599592755,0.533663577758
2522,PRD
2529,LEAVE,16,-0.748603133141,-0.0210492975535
2709,PRD
2950,SUM
2704,PRD
2707,LEAVE,218,-0.206078155579,0.520438171005
2706,LEAVE,179,-0.282733307411,-0.000215679061472
2701,LEAVE,99,-0.0538508389783,0.527671909911
2700,LEAVE,238,0.0760255542507,0.459978496524
2702,SUM
1829,LEAVE,198,-0.038084735365,0.310665556958
1828,LEAVE,229,-0.258795650664,0.499986183556
1825,LEAVE,111,0.179155909616,0.490409045822
1824,LEAVE,234,0.0080542837433,0.384758716398
1827,LEAVE,123,-0.0822563833161,0.384196215671
1826,LEAVE,91,0.111215035619,0.401133236305
1821,LEAVE,38,0.126968539251,0.474228431744
1820,LEAVE,126,-0.402509991601,0.550064753403
2147,LEAVE,211,0.197657337981,0.473841143569
2146,LEAVE,137,0.192156594949,0.322723865739
2144,PRD
2414,PRD
2140,LEAVE,211,0.285201219116,0.523733263453
921,LEAVE,142,-0.145019582711,0.403748810525
922,LEAVE,178,0.0445119030163,0.00412491776438
927,SUM
2411,LEAVE,223,-0.053629744547,0.416537276094
1921,LEAVE,231,0.163940074364,0.527567864489
1922,LEAVE,88,0.0895745041351,0.476232815124
1924,PRD
1926,SUM
1928,PRD
833,LEAVE,136,0.0610361114933,0.395184805043
831,PRD
837,PRD
834,LEAVE,25,-1.81839719362,0.330988361704
835,LEAVE,45,0.101553848754,0.217603461861
839,LEAVE,136,-0.144331459266,-0.01930062121
3,PRD
785,LEAVE,10,0.144864434871,-0.0109497888511
786,LEAVE,220,0.1007,0.00112512818202
780,LEAVE,10,-0.0516451818594,0.293928087883
781,LEAVE,220,0.1007,-0.011693951512
1728,LEAVE,151,0.141150062849,0.507264702681
783,PRD
1726,PRD
1724,LEAVE,71,0.316074500692,0.54181085658
1723,LEAVE,151,0.243738605008,-0.0436108813254
1721,PRD
2439,PRD
60,LEAVE,123,-0.136418146721,0.391244106863
61,LEAVE,210,0.13,-0.000879878225971
62,LEAVE,31,0.150358593905,0.522568069684
63,LEAVE,108,-0.140315102454,0.402335419556
64,SUM
3000,LEAVE,144,-0.105403690691,0.309720080399
66,PRD
3002,LEAVE,131,0.169937777815,0.491071131212
68,LEAVE,237,-0.079,-0.0459777949792
69,LEAVE,166,0.484731142537,0.00827085855267
3009,LEAVE,155,-1.17700857295,-0.0219367979691
1588,LEAVE,249,-0.0499555658148,0.550955570142
1589,LEAVE,51,0.242719985827,-0.0379819877425
1370,PRD
1583,LEAVE,51,0.0991882860756,0.48505336597
1581,PRD
1586,PRD
1584,LEAVE,249,-0.793294299383,-0.0394499169466
404,SUM
508,LEAVE,104,0.4283115368,-0.0194283844152
509,LEAVE,229,0.1767,-0.0422906586081
1032,LEAVE,160,-0.714196471388,-0.000910362359826
504,LEAVE,229,-0.4651,-0.0139234743457
1031,LEAVE,105,-0.07025729042,-0.00682268093532
1036,LEAVE,105,-0.0705129479243,-0.00078907155075
503,LEAVE,104,-1.535097825,-0.0188036396903
1034,PRD
501,PRD
1212,SUM
631,LEAVE,44,-0.439665732169,-0.0303311341661
632,LEAVE,212,-0.3957,-0.0122697415195
1211,LEAVE,217,0.0786,-0.0342774222252
1216,LEAVE,78,0.168217855332,0.496486417928
1217,LEAVE,101,0.266159845191,0.521655508242
636,LEAVE,44,0.190710451201,-0.00963880707663
637,LEAVE,212,-0.3957,-0.000156827915971
639,PRD
1376,SUM
2899,LEAVE,191,0.0959927828178,0.394676431698
2898,LEAVE,25,-1.88685935998,-0.00652489025366
2894,LEAVE,25,-1.57241312295,0.706062702529
1729,LEAVE,71,0.288319771975,0.506992762518
2891,PRD
2893,LEAVE,191,0.379977782748,-0.0356774021409
1454,LEAVE,20,0.0213019145359,0.462009195497
1455,LEAVE,201,0.2368,-0.0119131433821
1456,LEAVE,182,-0.156105072212,0.481670480644
1457,LEAVE,180,1.69725522124,1.40975218163
1103,LEAVE,226,0.1261,-0.0531450419183
1452,LEAVE,185,0.00245361529662,0.448868678222
1453,LEAVE,145,0.00401729213697,0.385640322445
1458,SUM
1108,LEAVE,29,1.43078511077,0.00974129326499
1109,LEAVE,226,-0.8669,-0.0516126373517
3071,SUM
214,LEAVE,189,1.19579793948,-0.0244302323021
215,LEAVE,193,-1.48557222716,0.0019899965246
212,PRD
210,LEAVE,193,-0.734506585614,-0.0181231239694
219,PRD
2550,PRD
3005,SUM
2552,LEAVE,176,-0.342875958733,0.551743040675
2553,LEAVE,42,0.417936907728,0.00315022875274
2555,PRD
2557,LEAVE,42,0.323542137408,-0.0227399479617
2558,LEAVE,176,-0.339469811734,0.550086346008
3007,PRD
2396,PRD
2394,LEAVE,165,0.190022343901,0.46486726902
2393,LEAVE,59,-0.237899024692,-0.0130444570812
2391,PRD
3001,LEAVE,193,0.182397591363,0.509072658925
2398,LEAVE,59,-0.0261525531039,0.429983785124
2399,LEAVE,165,0.153215494432,0.433539859661
2778,SUM
2771,PRD
2773,LEAVE,10,-0.49152367607,0.00182265574874
2774,LEAVE,74,0.0856805387943,0.427593661621
2777,LEAVE,56,-0.302257600026,0.54225046185
1859,LEAVE,45,0.415158361854,0.00940542866944
3165,PRD
1851,LEAVE,163,-0.183220002226,0.420330360764
1852,LEAVE,81,0.148473582513,0.516147178177
1853,LEAVE,77,0.0329048142007,0.440306033736
1854,LEAVE,217,-0.0530018979893,0.364395036999
1855,SUM
1857,PRD
2172,PRD
2170,LEAVE,48,-0.088017646365,0.55784297114
919,PRD
2177,PRD
2174,LEAVE,12,-0.108211904731,-0.0358745069848
2175,LEAVE,48,-0.0765372483959,0.00262279628595
914,PRD
917,LEAVE,178,0.5088620432,-0.00068436969763
916,LEAVE,142,0.0663081406362,0.00533543086977
911,LEAVE,142,0.41799233309,-0.00432006859582
912,LEAVE,178,0.462719593577,0.60065544237
2604,PRD
2606,LEAVE,124,0.17563967522,0.489472064151
2607,LEAVE,174,1.14334806267,-0.0117952887964
2602,SUM
2609,PRD
1933,PRD
1931,LEAVE,231,0.471312221975,-0.0223776938347
1930,LEAVE,88,0.168272028,0.00492130059216
1936,LEAVE,231,0.128004243332,0.471452922517
1935,LEAVE,88,0.0118421807082,-0.0392982869062
1938,PRD
847,LEAVE,25,-1.28020881737,0.882089202848
846,LEAVE,136,0.0900302995242,0.297211433731
845,LEAVE,45,-0.0231522066397,0.498976186451
843,PRD
841,LEAVE,45,0.360300119325,-0.0390787096852
840,LEAVE,25,-1.51789891519,-0.0440564006571
1739,LEAVE,22,0.697958575009,-0.0160490240883
1738,LEAVE,120,0.558176144447,-0.0193184820362
1733,LEAVE,101,0.143715678674,0.462654805132
1732,LEAVE,145,0.0417706111742,0.376219690537
662,LEAVE,146,-0.187902994243,0.451937804979
1734,SUM
1736,PRD
1039,PRD
753,SUM
751,PRD
757,LEAVE,10,0.0742642014096,-0.0113274792642
755,PRD
758,LEAVE,220,0.1007,-0.00904904559704
3070,LEAVE,122,0.21174347437,0.430488802901
1594,LEAVE,51,0.134235153783,0.510422109166
1597,SUM
3073,PRD
1591,PRD
2959,LEAVE,144,-0.0472641623058,0.567060010825
1593,LEAVE,249,0.00689528831709,0.536031594044
3077,LEAVE,1,0.178725016102,0.585888648609
2954,LEAVE,144,0.188150950834,-0.0105101575112
2955,LEAVE,195,0.19428409298,-0.00831960191689
2957,PRD
1599,PRD
2952,PRD
1024,PRD
1027,LEAVE,105,0.186519174615,0.490885290451
1026,LEAVE,160,-0.0444680227556,0.461253592853
1021,LEAVE,239,0.4486,-0.0438951487634
1020,LEAVE,13,-0.182965928938,0.445376947187
1022,SUM
1029,PRD
1037,LEAVE,160,-1.85069429046,0.00380048502143
605,LEAVE,30,0.188023368567,0.80969465181
604,LEAVE,9,0.182366007901,0.59332056796
607,PRD
1209,LEAVE,90,-0.119280499645,0.326816732648
1208,LEAVE,96,-0.208276559953,0.412532111588
602,PRD
1205,LEAVE,84,0.0525990551095,0.329780961438
1204,LEAVE,198,0.00196571816182,0.413582096715
1207,LEAVE,106,-0.319057067158,0.54794337053
1206,LEAVE,156,-0.123303439216,0.616438461087
609,LEAVE,9,-0.171180001919,0.545879002012
1210,LEAVE,161,0.339486498964,0.61902004282
634,PRD
1214,PRD
3104,LEAVE,162,-0.30285543974,0.47449877402
3105,LEAVE,52,-0.0234970261964,0.369519811238
3106,LEAVE,1,0.0113031018668,0.288516063674
3100,LEAVE,162,-0.428307422415,0.193716893184
3102,PRD
1446,PRD
1113,LEAVE,195,-0.00336612452421,0.50218908046
1112,LEAVE,125,-1.67472931191,0.697366025044
5,LEAVE,77,0.0273549713455,0.390305549414
1442,LEAVE,179,-0.268835365232,-0.0420035627953
1441,LEAVE,40,-0.0816829862998,0.389430030858
1116,PRD
1119,LEAVE,135,-0.0441674968528,0.447070495613
1118,LEAVE,120,-0.0379442014101,0.432773755531
1449,LEAVE,179,-0.133210638796,0.585556236366
1448,LEAVE,40,-0.08659579032,-0.0375705566946
1219,PRD
1357,LEAVE,147,-0.063020847264,0.00289951749921
489,LEAVE,157,0.126897238566,-0.0334483485326
488,LEAVE,21,0.292145024026,0.471419768649
486,PRD
484,LEAVE,157,0.27820552644,0.496106447312
483,LEAVE,21,0.620420781826,0.649637455609
481,PRD
2896,PRD
198,PRD
195,LEAVE,148,0.00242767852501,0.319889209677
194,LEAVE,95,0.0580204812406,0.348551306395
196,SUM
190,LEAVE,36,-1.59605089,-0.0182158207616
193,LEAVE,11,0.211887409791,0.520417165715
2543,LEAVE,42,-0.0960709934933,0.445821269303
1106,PRD
2540,PRD
2547,LEAVE,176,-0.325320433731,0.560255325898
2545,PRD
2548,LEAVE,42,0.213345753989,0.000291217362286
1104,LEAVE,29,-0.263356683508,0.508862997761
2381,LEAVE,34,0.0335153347228,0.349992682392
2380,LEAVE,37,0.124484794655,0.453041981887
2383,LEAVE,83,-0.274648366474,0.461866520331
2382,LEAVE,207,0.0503010310576,0.503566131777
2384,SUM
2386,PRD
2389,LEAVE,59,-0.910394368598,-0.0107126357934
2388,LEAVE,165,0.0259944207164,-0.00394504494167
2762,LEAVE,74,-0.190728244459,-0.00612076797007
2761,LEAVE,10,0.0805972679349,-0.023644104161
1101,PRD
2767,LEAVE,74,-0.194035275478,0.00227967670068
2766,LEAVE,10,0.0436477999023,0.334474817127
2764,PRD
902,LEAVE,142,-0.16962536122,0.465743133303
903,LEAVE,178,0.18561051943,0.649482452956
900,PRD
1848,LEAVE,148,-0.0713048901638,0.127607467133
907,SUM
905,PRD
1843,LEAVE,148,-0.0192068462099,0.437214698859
420,PRD
909,PRD
1847,LEAVE,210,-0.0095948815119,0.37893030792
1845,PRD
2169,LEAVE,12,0.296483840214,0.470860143981
2165,SUM
2167,PRD
2161,LEAVE,12,-0.341067550415,0.520392147807
2160,LEAVE,48,0.00772120037921,0.372602793071
2163,PRD
2617,LEAVE,174,-0.0857293287574,0.163624369899
2616,LEAVE,124,0.252482652351,0.555619836457
2614,PRD
2612,LEAVE,124,0.236319914216,0.509303320976
2611,LEAVE,174,0.393954901208,0.55649696831
2619,PRD
1908,LEAVE,19,-0.402229303835,0.412716694852
1909,LEAVE,208,-0.254272914117,0.327921987159
1906,PRD
1904,LEAVE,19,-0.142410169007,-0.014566474287
1903,LEAVE,208,-0.220876665742,0.427500023487
1901,PRD
855,LEAVE,39,-0.122314213907,0.409284905248
856,LEAVE,190,-0.0782943041439,0.322332198877
850,LEAVE,28,0.207152218263,0.543020766155
851,SUM
853,PRD
858,PRD
6,LEAVE,188,0.000741486558912,0.528944906632
741,LEAVE,10,-0.184345030083,-0.0169390097632
742,LEAVE,220,0.1007,0.00235659984454
744,PRD
746,LEAVE,10,0.130187705854,-0.033942275311
747,LEAVE,220,0.1007,0.00547708817644
3062,PRD
2913,LEAVE,113,-0.140617338977,0.534504783239
3066,LEAVE,245,0.0299033885377,0.41322826896
2949,LEAVE,193,-0.0517507451883,-0.0171589761467
2948,LEAVE,131,0.135874169524,0.517643114541
2946,PRD
3069,LEAVE,73,-0.0787345393013,0.381607162055
2944,LEAVE,131,-0.119689344236,-0.0460749472
2943,LEAVE,144,0.227845050413,-0.00233791911398
2942,LEAVE,195,-0.0417339504651,0.312087274302
2941,LEAVE,193,0.0422075553764,0.463637922349
1050,LEAVE,153,-0.31758159215,0.530682284666
1051,SUM
1053,PRD
1055,LEAVE,89,-0.0617099992,0.461660097894
1056,LEAVE,199,-0.0597272279035,0.568564417085
1058,PRD
1697,LEAVE,106,-0.581108207904,0.355920906232
1695,PRD
1693,SUM
1691,PRD
1698,LEAVE,168,-0.259216430934,0.596995927066
1278,LEAVE,235,-0.1191,-0.0443837013651
1279,LEAVE,165,-1.62434559412,0.00544009989487
618,LEAVE,30,3.67356661572,0.30468343847
2852,LEAVE,209,-0.0859532545305,0.294425309565
1270,LEAVE,34,0.0237338776993,0.371738076344
1797,LEAVE,17,0.0852568038092,-0.0291328506427
610,LEAVE,30,1.8383894246,0.54467232265
1273,LEAVE,114,0.348192267463,0.440027224066
616,LEAVE,177,0.0318830204738,0.574087133479
617,LEAVE,9,-0.0192617716572,0.221766839364
1276,PRD
1795,PRD
3119,LEAVE,134,0.215673885622,0.00208746219117
3117,PRD
3115,LEAVE,199,0.0483874078974,0.414942910546
3114,LEAVE,134,-0.0617026535108,0.471616244078
3112,PRD
3110,SUM
1472,LEAVE,139,-0.177145601204,0.554278882166
1473,LEAVE,4,0.480452150306,0.471615257498
1470,PRD
1477,LEAVE,139,0.365906638611,-0.0426978135375
1475,PRD
1478,LEAVE,4,0.546000669003,-0.00889122325525
1304,SUM
1306,PRD
1300,LEAVE,7,0.673956286876,-0.00720294448716
1302,PRD
1308,LEAVE,7,0.310012442632,0.435089410241
1309,LEAVE,216,0.0297,-0.000581834830967
499,SUM
494,LEAVE,75,-1.59248818371,0.644755991661
495,SUM
497,PRD
24,LEAVE,14,0.233140117091,-0.0316050076663
25,LEAVE,58,-0.22343436968,0.424874858157
21,PRD
23,LEAVE,2,-0.169037487101,-0.0348649498364
28,LEAVE,140,-0.117926244278,0.328635823824
29,LEAVE,192,-0.0887745208551,0.527749076779
7,SUM
2289,LEAVE,181,0.320172135871,-0.00290016125483
2280,PRD
2282,LEAVE,43,0.0889803314497,0.492385919993
2283,LEAVE,181,0.39665176272,0.366640905413
2287,PRD
2579,PRD
2576,LEAVE,93,0.0599083255164,0.49858564065
2577,LEAVE,180,0.205088650703,0.746547734243
2574,PRD
2572,SUM
2570,PRD
2378,LEAVE,243,0.112650991493,0.472146439489
2379,LEAVE,72,0.212410758427,0.427608876633
2376,LEAVE,24,0.223511992728,0.509607454169
2377,LEAVE,69,-0.297041945095,0.456321316819
2370,PRD
2372,LEAVE,139,0.365063342055,-0.00463508340856
2373,LEAVE,33,-0.316657436491,-0.0357776522027
2594,LEAVE,93,0.12358492839,0.493213331381
2596,PRD
2591,PRD
2593,LEAVE,180,3.9152887993,0.0955326001727
2598,LEAVE,180,3.40089186259,0.336913145474
2599,LEAVE,93,0.101718831702,0.502407979156
1876,PRD
1874,LEAVE,239,-0.158392372738,0.467282990592
1084,LEAVE,218,-0.4163,-0.0362453169345
1873,LEAVE,45,0.187574982684,-0.0217910764826
1871,PRD
1083,LEAVE,137,0.0870941596734,0.475430557851
1878,LEAVE,45,-0.000355490059916,0.69880833378
1879,LEAVE,239,-0.0759315791942,0.535414131472
976,SUM
975,LEAVE,164,0.328167040455,0.58010900875
974,LEAVE,214,0.2329,-0.0489601129247
973,LEAVE,244,0.2279,-0.047781759855
972,LEAVE,107,0.0253445149291,0.481419413106
971,LEAVE,158,-0.218503161972,0.518591141612
970,LEAVE,167,-0.063102543828,0.43810942654
978,PRD
2118,LEAVE,137,-0.0288445869658,0.615322877634
2119,LEAVE,211,0.255497112224,0.525479644985
180,PRD
186,PRD
184,LEAVE,170,-0.318810421436,-0.0152285159307
2111,PRD
188,LEAVE,249,-0.381,-0.044922632668
2113,LEAVE,137,0.209475837773,0.418178978501
2114,LEAVE,211,-0.821147624892,-0.00219589628095
2116,PRD
2622,LEAVE,124,-0.0379704510608,-0.0325472687606
2621,LEAVE,174,0.259431248805,0.478929951616
2626,SUM
2625,LEAVE,133,-0.270246832107,0.466259044211
2628,PRD
1919,PRD
1911,PRD
1913,LEAVE,208,-0.153156120855,0.549555675983
1914,LEAVE,19,-0.244606174421,0.540582413261
1917,SUM
869,PRD
189,LEAVE,170,0.105259406524,-0.028046337793
861,LEAVE,190,0.0828920870595,0.547493655197
860,LEAVE,39,-0.113050617235,0.521995318429
865,LEAVE,138,0.123799913403,0.465159272763
864,LEAVE,115,0.115237132806,0.410176149328
867,SUM
866,LEAVE,133,-0.186427134197,0.480968614397
2024,LEAVE,14,1.12871762347,-0.0418370344448
2025,LEAVE,26,-1.32142136195,-0.0307859322664
2755,PRD
2020,LEAVE,26,-1.19386795059,-0.0212636184415
2753,LEAVE,10,-0.0166273680034,0.423938468946
2022,PRD
2029,PRD
2759,PRD
883,PRD
881,LEAVE,178,0.322167033828,-0.023274670131
880,LEAVE,142,-0.213844487891,0.48268642189
886,LEAVE,178,0.333688175927,-0.00789100831521
885,LEAVE,142,0.0758179404808,-0.00232562744711
888,PRD
3149,PRD
775,LEAVE,10,0.278397488808,0.000382190722191
776,LEAVE,220,0.1007,-0.0124963808921
771,SUM
770,LEAVE,129,-0.283159956362,-0.0325598837177
773,PRD
778,PRD
77,LEAVE,166,-0.627129518966,-0.0110151083171
75,PRD
73,SUM
71,PRD
3059,LEAVE,46,0.118346239865,0.0089414418097
3056,PRD
2970,LEAVE,195,0.190075811296,-0.0139857637557
2976,SUM
2974,PRD
78,LEAVE,237,0.1161,-0.0465804492798
1042,LEAVE,105,-1.17943111217,-0.0251243478441
1041,LEAVE,160,-0.355629692873,0.00753505937785
1047,LEAVE,35,-0.0607626782572,0.379021687247
1046,LEAVE,208,-0.364,-0.0192601814238
1045,LEAVE,231,-0.1196,-0.0326921929369
1049,LEAVE,102,-0.145903248554,0.470048927243
1048,LEAVE,204,0.6381,-0.046497666929
1681,LEAVE,147,-0.212367295567,0.593996736945
1680,LEAVE,66,-0.0245379089768,0.464754645529
1684,SUM
1686,PRD
1689,LEAVE,106,-0.139076998556,0.622763007486
1688,LEAVE,168,-0.4209412295,-0.0429927083381
3025,LEAVE,29,-0.276110427036,0.509059269964
1269,LEAVE,238,0.7036,-0.0481258163753
3024,LEAVE,155,0.197926374698,0.477777251308
669,PRD
1263,PRD
666,LEAVE,63,-0.207714312337,0.415847151912
665,LEAVE,221,0.4889,-0.0447562828241
664,LEAVE,149,-0.0747610060685,0.585536205348
663,LEAVE,234,0.2186,-0.0343235726363
1266,LEAVE,103,-0.257102097218,0.562872456278
1265,LEAVE,159,0.0181415323239,0.570773474674
3022,PRD
3129,LEAVE,134,0.0564754713289,0.224558914837
3122,PRD
3120,LEAVE,199,0.0385178736336,0.555270832347
3127,PRD
3124,LEAVE,134,0.00668735645669,0.387254152489
3125,LEAVE,199,-0.79704312748,-0.0415135605603
1468,LEAVE,4,0.346189373482,-0.0321681792323
1465,PRD
1467,LEAVE,139,0.365797224414,-0.0344908099487
1460,PRD
1463,LEAVE,139,-0.053763126937,-0.0225517036612
1462,LEAVE,4,0.386653345731,0.410986638611
1314,LEAVE,216,0.0297,-0.014784601139
1313,LEAVE,7,-0.319600592726,0.293938180097
1311,PRD
1318,PRD
312,LEAVE,6,-0.511281440397,0.247112279738
311,LEAVE,99,-0.0311277400001,0.585550186233
317,LEAVE,6,-0.0738138980409,0.683785908549
316,LEAVE,99,-0.12825470932,0.515797574229
314,PRD
2757,SUM
1334,LEAVE,147,-1.62509667817,-0.0198424896228
2752,LEAVE,74,-0.037166705556,-0.0207450188643
1336,PRD
2750,PRD
1331,PRD
2298,SUM
2292,PRD
2290,LEAVE,43,-0.0482296580648,-0.0223496214946
2295,LEAVE,181,-0.116391244841,-0.0248405351332
2294,LEAVE,43,0.0351165268943,0.451902540617
2568,SUM
2561,LEAVE,105,0.181986002255,0.493598174982
2563,LEAVE,201,0.179822646845,0.498626282074
2562,LEAVE,187,0.117014563261,0.451064145163
2565,LEAVE,227,0.0305433774181,0.448384166155
2564,LEAVE,40,-0.115653557005,0.351992267087
2567,LEAVE,127,0.0216465774856,0.426578315418
2566,LEAVE,94,-0.0292582633384,0.407321986913
2368,LEAVE,33,-0.129295031131,0.581306828418
2367,LEAVE,139,-0.0974411593833,0.457435586584
2365,PRD
2363,LEAVE,139,-0.115764768319,0.463096755261
2362,LEAVE,33,-0.387824872768,0.270854970132
2360,PRD
2587,LEAVE,180,2.12926791506,0.517382407697
2586,LEAVE,93,0.101553829685,0.494742688252
2584,PRD
2582,LEAVE,180,2.99005276176,0.972657989287
2581,LEAVE,93,-0.042993825508,-0.0130003617219
1860,LEAVE,239,0.361547172074,0.00543868791911
1862,PRD
1864,SUM
1866,PRD
1869,LEAVE,239,-0.182327873409,0.439459240549
1868,LEAVE,45,0.361400006026,-0.0301399226824
964,LEAVE,66,0.0599702335763,-0.0307909089173
965,LEAVE,223,-0.3816,-0.0358310505764
960,LEAVE,223,-0.1252,-0.0314979656637
962,PRD
968,LEAVE,62,-0.332287196433,0.433344163398
969,LEAVE,71,0.276444616974,0.508381047701
2109,LEAVE,211,0.0127193465808,0.477388893414
2108,LEAVE,137,-0.158504886922,-0.0281450459009
2102,PRD
2100,SUM
2106,PRD
2104,SUM
2639,LEAVE,30,3.90328111093,0.0880651854627
2635,SUM
2637,PRD
2631,LEAVE,190,-0.0846187697752,0.403920947158
2630,LEAVE,30,3.21415078937,0.594575646299
2633,PRD
1241,LEAVE,101,0.145494942355,-0.00785988156074
878,PRD
1536,LEAVE,20,0.00359252335827,0.442677248439
876,SUM
874,PRD
872,LEAVE,142,0.22050846823,0.00532153153439
1535,LEAVE,119,-0.292094671152,0.457870105453
871,LEAVE,178,0.323093914974,-0.0123205352055
2037,LEAVE,160,0.0343645580986,0.335796609414
2036,LEAVE,196,-0.210827135328,0.427458809727
2035,LEAVE,109,-0.0522102958432,0.424516678776
1534,LEAVE,149,-0.0696384691908,0.533367832959
2745,PRD
2032,LEAVE,26,-0.493110349219,0.587207178512
2031,LEAVE,14,0.357447522012,0.529159713408
9,PRD
1533,LEAVE,220,0.00913988758751,0.447285108153
2039,LEAVE,214,0.404847476283,0.489513502516
2038,LEAVE,154,0.459288933164,0.425971830752
890,LEAVE,142,0.320481881046,-0.00279241606205
891,LEAVE,178,-0.0262936684399,0.543114943171
893,PRD
895,LEAVE,142,-0.308428065252,-0.0255815606981
896,LEAVE,178,0.75772448024,-0.0122939770482
646,PRD
262,LEAVE,196,-0.16381739075,0.510706184394
1537,SUM
1965,PRD
1788,LEAVE,17,-0.100257832678,0.287885089053
2964,LEAVE,144,-0.382752376485,0.00144330211095
768,PRD
2960,LEAVE,195,0.227754469548,-0.000816563384585
2962,PRD
1780,PRD
1612,LEAVE,153,0.182918078258,-0.015043357676
760,PRD
1783,LEAVE,140,-0.0228751554638,0.479932008318
766,LEAVE,129,-0.118097904132,0.00446250163678
1785,PRD
1787,LEAVE,140,-0.222304768491,0.242437238351
3049,PRD
3041,LEAVE,46,-0.2947828824,0.582023239872
1963,LEAVE,98,-0.106268500905,0.00466947566774
3044,PRD
3047,LEAVE,245,0.187698820433,-0.0148330031963
3046,LEAVE,46,-0.11408350075,0.253245692604
1078,LEAVE,218,-0.6799,-0.0322339399039
1079,LEAVE,137,0.142407097147,0.444691082978
1076,PRD
1074,LEAVE,218,-0.6799,-0.0362495773004
1073,LEAVE,137,-1.10116253527,0.00981108026607
1071,PRD
1678,PRD
3030,LEAVE,50,0.304975930953,0.417401365172
1675,LEAVE,66,0.103092012137,-0.0175326202693
1676,LEAVE,147,-0.370469109523,0.758397877055
1670,LEAVE,147,-0.636300553148,-0.00920098555723
1671,LEAVE,66,-0.13348172616,-0.0095809186922
1673,PRD
1094,SUM
1096,PRD
1090,LEAVE,16,-0.0131980595157,0.458164578971
1091,LEAVE,97,-0.238895467723,0.568161320654
1092,LEAVE,225,-1.5179,-0.00953621721892
1093,LEAVE,236,-0.1387,-0.0472029141241
674,PRD
676,LEAVE,111,0.309462383206,0.575767914508
677,LEAVE,174,0.459237800441,-0.0166644273009
1098,LEAVE,29,1.43128823159,-0.00780561510219
1099,LEAVE,226,-0.3038,-0.0192980453462
672,LEAVE,174,0.332161315219,0.48329850812
3135,LEAVE,172,0.209100564912,0.419918817479
3134,LEAVE,170,0.0206403875041,0.440906809956
3137,LEAVE,178,0.184161517853,0.528873829604
3136,LEAVE,21,0.291346536658,0.527802284129
3130,LEAVE,199,-0.0678911443734,0.548282256775
3133,LEAVE,128,0.186293076882,0.529815274891
3139,LEAVE,54,0.469201719688,0.430036255577
3138,LEAVE,188,0.0931405297609,0.46267704428
1418,SUM
1410,LEAVE,49,-0.0675312532813,0.535633681221
1412,PRD
1414,LEAVE,26,-1.35229952934,0.00704221301077
1415,LEAVE,49,0.921194681378,-0.0176223846564
1320,LEAVE,7,0.0695778608423,0.496724479179
1321,LEAVE,216,-0.1332,-0.0079189403419
1326,PRD
1324,SUM
1328,LEAVE,242,0.3211,-0.0298052329344
1329,LEAVE,147,-0.206337890925,0.654255322662
2496,LEAVE,89,0.447206277335,-0.040007934208
1256,LEAVE,103,0.116992659924,-0.0124225578807
1525,PRD
1527,LEAVE,206,-0.272046269859,0.566007046725
1520,PRD
1253,PRD
1522,LEAVE,28,0.143378187303,0.507373470438
1523,LEAVE,206,-0.49551104221,-0.00249210297391
1528,LEAVE,28,0.188897372784,0.53052230282
1258,PRD
309,PRD
300,LEAVE,1,0.24414502147,0.0089083027474
303,LEAVE,245,0.3603,-0.0331862217504
304,LEAVE,131,0.156220490851,0.51766991376
305,LEAVE,73,-0.0889965682062,0.37634622286
306,LEAVE,222,0.3123,-0.034712717411
307,SUM
1792,LEAVE,140,-0.0829973881936,-0.0256331429618
2978,PRD
3058,LEAVE,245,0.518916409686,0.000917209545808
2474,LEAVE,89,-0.215504643182,0.468417560637
3052,LEAVE,245,0.18781975578,-0.00604582701259
3051,LEAVE,46,-0.381878312775,-0.00907329985508
2478,LEAVE,6,-0.766455034311,-0.00430173553056
2358,SUM
2352,LEAVE,233,-0.0421478700157,-0.0210933946866
2353,LEAVE,121,-1.53745000862,-0.0134395601086
2350,PRD
2356,LEAVE,11,0.198126743646,0.497122238409
2357,LEAVE,80,2.83432393858,1.3335571749
2991,LEAVE,195,0.0819665519178,-0.000668675877809
1898,LEAVE,208,-0.000420315332704,0.00917682428481
1899,LEAVE,19,0.3996228998,0.00438586847842
1894,SUM
1896,PRD
1890,LEAVE,239,-0.154017670194,0.4629863374
1891,LEAVE,45,-0.00243507786685,0.350198736192
959,LEAVE,66,-0.0272703866992,0.422919241486
2137,PRD
2134,LEAVE,137,0.134514394313,0.492503051482
2135,LEAVE,211,0.225799911902,-0.0167028005328
2132,PRD
2130,SUM
951,LEAVE,94,-0.0219566731438,0.403815320798
950,LEAVE,57,-0.011679537747,0.492717075141
953,LEAVE,42,-0.0234902079073,0.432403889384
952,LEAVE,82,-0.26881790957,0.434237822298
955,SUM
954,LEAVE,52,-0.13573049292,0.437995743358
957,PRD
2139,LEAVE,137,0.318973635453,-0.0360437073083
477,PRD
2649,LEAVE,30,0.609751105498,0.980951486967
2640,LEAVE,190,-0.151988094261,0.230110929314
2642,PRD
2644,LEAVE,30,3.54072532108,-0.0418713316455
2645,LEAVE,190,-0.128105930021,0.331300924987
2647,PRD
2003,PRD
2001,SUM
2006,LEAVE,14,0.387051211106,0.348624676091
2005,LEAVE,26,-0.139140375201,0.393943094215
2008,PRD
506,PRD
667,SUM
1261,LEAVE,159,-0.0794305624161,0.51561233752
2911,PRD
1798,LEAVE,140,-0.122525429378,0.34258507119
2914,LEAVE,203,-0.257467530718,0.605221082029
2916,PRD
718,PRD
1793,LEAVE,17,-0.0504285879359,0.357300307812
716,LEAVE,23,-0.125475707617,-0.0277682417621
715,LEAVE,206,-0.4285,-0.0232465725719
1790,PRD
713,PRD
711,LEAVE,206,-0.4285,-0.0345528256487
710,LEAVE,23,-0.214573370737,0.143368475141
1069,LEAVE,218,-0.6799,-0.0234095928141
1068,LEAVE,137,-1.10116253527,0.00387616714667
2179,LEAVE,12,-0.44243149421,-0.00852998796765
1061,LEAVE,199,0.157056461554,-0.0218052842291
1060,LEAVE,89,-0.0975397075035,0.433382946574
1064,SUM
1066,PRD
1668,PRD
1666,SUM
1663,LEAVE,153,-0.218498647189,0.480540616914
1660,LEAVE,247,-0.357431942483,-0.0437661647352
1087,LEAVE,248,0.0447,-0.021630859314
590,SUM
592,PRD
595,LEAVE,30,2.86423882395,0.334366700045
594,LEAVE,9,0.0172649074179,0.520636339314
597,PRD
599,LEAVE,9,-0.241051859663,-0.0259542179555
1089,LEAVE,118,-0.231922606818,0.575801718887
1088,LEAVE,68,-0.315538317697,0.532709002711
3140,LEAVE,39,-0.0998150648506,0.465942023684
3141,LEAVE,55,0.177943280053,0.496936936376
3142,SUM
3144,PRD
2829,LEAVE,18,-0.426278661034,0.00370878526412
3146,LEAVE,32,-0.269223782179,0.449416975469
3147,LEAVE,248,-0.0205171748067,0.35377591103
2825,SUM
2827,PRD
2820,LEAVE,60,0.0371706747646,0.33362470156
2821,SUM
2823,PRD
1409,LEAVE,26,-0.348673197797,0.542565110526
1402,PRD
1400,SUM
1407,PRD
1405,LEAVE,49,-0.260247525788,-0.0190443264063
1404,LEAVE,26,0.221712823242,-0.0147504783582
449,PRD
1338,SUM
693,LEAVE,23,-0.680098097794,0.270423517224
442,SUM
441,LEAVE,22,0.220772849177,0.437108236676
440,LEAVE,173,-0.00138187073993,0.475286287073
447,LEAVE,183,-0.108671482852,0.5506032213
446,LEAVE,76,0.125640855442,-0.0181102934053
1333,LEAVE,242,-0.347599999656,-0.0452945865585
444,PRD
696,PRD
39,PRD
32,SUM
31,LEAVE,3,-0.233672937017,0.490436876858
30,LEAVE,19,-0.289074031705,0.467916317913
37,LEAVE,27,0.0546046266667,0.468575824543
36,LEAVE,211,-0.0637,-0.0444045776926
34,PRD
641,LEAVE,44,0.0883065333242,-0.014803140476
1240,LEAVE,78,-0.0430239664116,-0.00142045577554
1243,PRD
642,LEAVE,212,-0.3957,-0.000407499415914
1245,LEAVE,78,-0.0454709912294,-0.00253095807507
1532,LEAVE,135,-0.0663112678268,0.373490343161
1531,LEAVE,95,0.0443943796447,0.378612291577
1246,LEAVE,101,-0.208970015309,-0.015265838227
649,LEAVE,212,-0.1183,-0.0329337234645
648,LEAVE,44,-0.036006044593,-0.00742944191347
3098,LEAVE,52,-0.130402205003,0.49741528123
3099,LEAVE,1,0.163320442224,0.484892058454
1539,PRD
339,SUM
335,LEAVE,130,2.38820615376,1.30058071511
334,LEAVE,81,0.0750317900477,0.504182937451
337,PRD
331,PRD
333,LEAVE,93,-0.0339452892385,0.495572947803
1353,LEAVE,242,0.0879,-0.0328129207022
2345,PRD
2347,LEAVE,121,0.289264344558,0.528375180754
2340,PRD
2343,LEAVE,233,-0.126300008954,0.586626541603
2342,LEAVE,121,0.285852759823,0.509938368298
2348,LEAVE,233,-0.448726593596,0.213925350878
1888,PRD
1884,LEAVE,239,-0.0521590018734,0.00708733318926
1883,LEAVE,45,0.0296860161607,0.374896300595
1881,PRD
2121,PRD
2123,LEAVE,137,-0.0388237409925,-0.0110807099354
2124,LEAVE,211,-0.360575250546,0.00764185200558
946,LEAVE,110,0.0134857187517,0.306915314755
947,LEAVE,232,-0.0145,-0.0057054525726
944,PRD
942,LEAVE,110,-1.8588805571,0.00318625029396
941,LEAVE,232,0.1364,-0.0482256733771
2659,LEAVE,117,0.113699992612,0.00689056678412
2650,LEAVE,190,-0.11931555066,0.336619708962
2657,PRD
2655,SUM
133,LEAVE,191,0.0958242136145,0.312875777114
132,LEAVE,50,0.300211342572,0.337509182692
130,PRD
137,LEAVE,191,0.0557716672372,0.62973656083
135,PRD
138,LEAVE,50,0.341193213341,0.456716828244
2019,LEAVE,14,1.14501187615,-0.0123737257058
2015,SUM
2017,PRD
2011,LEAVE,14,1.31879684376,-0.0431055313719
2010,LEAVE,26,-1.35230050828,-0.00420954946815
2013,PRD
182,LEAVE,36,0.171537491525,0.0034797811817
183,LEAVE,249,0.1022,-0.0346131237008
2903,LEAVE,226,-0.398972325633,0.555886504638
2902,LEAVE,118,-0.241752164214,0.553384670767
708,PRD
2906,PRD
2904,SUM
704,LEAVE,206,-0.4285,0.00676602074883
2909,LEAVE,113,-0.255221970146,0.277303494187
2908,LEAVE,203,-0.426058963781,0.288229301314
701,PRD
703,LEAVE,23,0.0874694522532,-0.00110734673567
89,SUM
82,LEAVE,166,0.217818490686,0.417372787553
83,LEAVE,237,0.3181,-0.0403110560526
80,PRD
87,PRD
1659,LEAVE,65,0.155669982284,0.458845719933
1652,PRD
1650,LEAVE,247,-0.172098655831,0.602493104947
1657,PRD
1654,LEAVE,65,0.158685355795,0.483827174531
1655,LEAVE,247,-0.185159947432,-0.00539466092684
587,PRD
582,LEAVE,9,-0.00336998576833,-0.0136723855499
583,LEAVE,177,0.274597405618,-0.0317581759094
580,PRD
589,LEAVE,177,-0.0281705329235,0.589372583471
3152,LEAVE,248,-0.104329077388,-0.00931126614513
3151,LEAVE,32,-0.254046667271,0.441413755188
3157,LEAVE,248,0.406106692677,0.00665504708501
3156,LEAVE,32,0.141282116796,-0.00391727610609
2839,LEAVE,18,-0.782676725291,-0.0114907928489
3154,PRD
2837,PRD
2835,LEAVE,209,-0.0471894581656,0.437763885805
2834,LEAVE,18,-0.419635843606,-0.0437226787959
2832,PRD
2830,LEAVE,209,0.117315867499,0.000234587169635
1436,LEAVE,40,-0.34717028918,-0.00486347379373
1437,LEAVE,179,-0.190474160698,0.604529545044
1434,PRD
1432,LEAVE,179,-0.170735670857,0.529609094195
1431,LEAVE,40,-0.291694405408,-0.0176839685883
418,LEAVE,224,-0.0375,-0.036952832755
1439,PRD
1260,LEAVE,103,0.400657280706,-0.0306755222141
1348,LEAVE,242,0.3211,-0.0320696242308
459,PRD
1340,PRD
451,LEAVE,183,-0.0970464644478,0.69737327751
452,LEAVE,76,-0.313909726735,0.575286994898
1343,LEAVE,242,0.3211,-0.0367414212337
454,PRD
1345,PRD
456,LEAVE,76,-0.403949274655,0.575217974768
457,LEAVE,183,-0.221604321695,0.470739204603
656,PRD
1503,LEAVE,115,0.161807595862,0.437620790027
654,LEAVE,44,-0.0616289718748,0.455361309207
1501,PRD
3089,PRD
653,LEAVE,212,-0.3957,-0.00629357676347
1504,LEAVE,228,0.230340956297,0.555837774282
651,PRD
3084,PRD
3087,LEAVE,52,-0.168828233844,-0.0148693500006
1509,LEAVE,237,0.0857772440818,0.487515837423
3081,LEAVE,162,-0.355859170465,0.450613025231
658,LEAVE,44,0.223929638779,0.00411309264929
659,LEAVE,212,-0.3957,-0.00233238864701
2128,PRD
322,LEAVE,205,0.4771,-0.0330721564855
323,SUM
320,LEAVE,69,-0.264810328956,0.432239502966
321,LEAVE,162,-0.199997685709,0.537084865485
327,LEAVE,93,0.109615972519,0.496956644526
325,PRD
328,LEAVE,130,3.91538519214,0.0991150271448
329,LEAVE,81,0.211772697034,0.522111717394
2818,LEAVE,100,0.304653784481,0.412226593781
2330,LEAVE,225,-1.52666283403,0.732007906683
2331,LEAVE,213,-0.164610736336,0.437078822898
2332,LEAVE,78,0.190723487144,0.524218692164
2333,LEAVE,146,-0.221687383518,0.430931456411
2334,LEAVE,185,-0.0555749006765,0.376339090463
2335,LEAVE,44,-0.0199963784738,0.414406980084
2336,LEAVE,62,-0.315455171576,0.462703465088
2337,LEAVE,156,-0.304126292341,0.538935423895
2338,SUM
3075,LEAVE,162,-0.186198987589,0.60233714575
3076,LEAVE,52,-0.152595866189,0.528902035311
3079,PRD
2489,LEAVE,16,0.00449642824723,0.488965657003
2487,PRD
2485,SUM
2483,PRD
2249,LEAVE,87,0.31885500895,-0.042983362276
2244,LEAVE,87,0.131726200929,0.323759827492
2245,LEAVE,205,0.243963120169,0.378345589806
2247,PRD
2240,LEAVE,205,1.30938641798,-0.0364774042751
2242,PRD
995,LEAVE,70,0.0652491198088,0.458737179523
994,LEAVE,64,0.376207065425,0.431031252971
997,LEAVE,172,0.0434966865195,0.557810801148
996,LEAVE,12,-0.320091365146,0.460767928786
991,LEAVE,116,-0.0462415518293,0.460391772756
990,LEAVE,122,0.146502541928,0.393554111821
993,LEAVE,91,0.15666861827,0.396711463531
992,LEAVE,113,-0.145183630993,0.39527008221
999,LEAVE,169,-0.173124875889,0.58142941116
998,LEAVE,88,0.14181383035,0.472297065781
120,LEAVE,51,0.166797108249,0.442374117032
121,LEAVE,209,-0.2394,-0.00838772372985
122,LEAVE,60,0.0485180166444,0.311580959058
123,SUM
125,PRD
127,LEAVE,191,0.241038818347,-0.00130513010177
128,LEAVE,50,0.295122167223,-0.0323061552105
2069,LEAVE,159,-0.0555499841796,0.495421534316
2799,PRD
2060,LEAVE,182,-0.265959406928,0.448029198493
2061,LEAVE,8,-0.221594029443,0.427896851879
2062,LEAVE,169,-0.286771631186,0.457178829435
2063,LEAVE,57,0.0333070060707,0.504242326819
2064,LEAVE,161,0.180853771098,0.486541089853
2065,SUM
2794,PRD
2067,PRD
2667,PRD
2664,LEAVE,117,-0.306731584167,-0.00303458109327
2665,LEAVE,141,0.643215045801,-0.00145861797242
2662,PRD
2660,LEAVE,141,1.36620000395,-0.0399016039609
2669,SUM
2939,PRD
2937,SUM
2934,LEAVE,61,0.191956059813,0.503015671327
2933,LEAVE,86,0.0853022342491,0.399488960704
2931,PRD
1645,SUM
1647,PRD
1643,PRD
1649,LEAVE,65,0.0209236308686,-0.0299226572651
729,PRD
578,LEAVE,177,0.00342026289905,0.416935735249
573,LEAVE,177,0.063221555257,0.49482339461
572,LEAVE,9,-0.656599514856,-0.0277307070001
570,PRD
577,LEAVE,9,-0.0985606132058,0.00157045964296
575,PRD
2808,LEAVE,186,0.113034824327,0.267456583413
2809,LEAVE,240,-0.00736137915669,0.50976539758
3168,LEAVE,116,0.18031852932,0.257804544857
2802,LEAVE,240,-0.0492495799277,0.391728272582
3167,LEAVE,82,-0.267379449351,0.492188478782
2801,LEAVE,186,-0.345870833563,-0.0315725325647
2806,PRD
3163,SUM
3160,LEAVE,236,0.112448607435,0.394249640833
600,LEAVE,30,3.53940338428,-0.0108063203357
1420,PRD
1423,LEAVE,179,-0.181961112244,0.585718693786
1422,LEAVE,40,-0.0825484898574,0.420740951582
1425,PRD
1427,SUM
2407,SUM
1429,PRD
2156,LEAVE,12,-0.485748975029,0.181216324009
731,LEAVE,129,-0.196701448005,0.00357941835912
732,SUM
734,PRD
737,LEAVE,220,0.1007,-0.00135872172172
736,LEAVE,10,-0.00993988418431,0.404807460999
739,PRD
2403,LEAVE,165,-0.427740868086,-0.0257633504088
1358,LEAVE,242,0.3211,-0.0241625253473
469,LEAVE,157,0.214037804571,0.590146779849
465,SUM
1352,LEAVE,147,-2.08396568983,-0.0229427968038
467,PRD
1350,PRD
461,LEAVE,76,-0.303022863539,0.50194783104
1355,PRD
462,LEAVE,183,-0.50400994654,-0.0323891705143
2158,PRD
1518,SUM
1515,LEAVE,237,-0.157450890286,-0.013393892558
1514,LEAVE,68,-0.292677674551,0.542722403514
2409,PRD
1274,SUM
1510,LEAVE,68,-0.236837505567,0.543376123008
1512,PRD
3181,LEAVE,67,-0.0500282338556,0.347630503579
3182,LEAVE,110,0.0431420717161,0.336367489335
3183,LEAVE,47,-0.242460139883,0.610491506421
3109,LEAVE,102,-0.120676174428,0.458577868102
357,LEAVE,93,0.122366072092,0.516199618084
356,LEAVE,130,3.5385866924,-0.0341222745291
354,PRD
352,LEAVE,93,-0.0459271151099,-0.0101439444337
358,LEAVE,81,0.226995811666,0.611631038605
2323,PRD
2321,LEAVE,41,0.100512411655,0.491337987832
2320,LEAVE,246,-0.206218139921,0.556735624555
2326,LEAVE,41,0.151513847712,0.278386413715
2325,LEAVE,246,-0.178283617823,0.334385653377
2329,LEAVE,90,-0.113833147862,0.3537551954
289,LEAVE,119,-0.52595735088,-0.0145250165921
280,SUM
282,PRD
285,LEAVE,1,0.151791084849,0.470032452947
284,LEAVE,119,-0.305537794901,0.456560874661
287,PRD
1114,SUM
263,LEAVE,151,0.20377891347,0.612573820568
1292,PRD
267,SUM
266,LEAVE,132,-0.282494748612,0.415588134853
265,LEAVE,112,-0.398265172098,0.492402323911
264,LEAVE,203,0.4095,-0.0382863380508
269,PRD
2499,PRD
2491,LEAVE,244,-0.0553787218366,0.427732602485
2490,LEAVE,89,-0.157400071815,0.439710239057
2493,PRD
2495,LEAVE,16,-0.0825618362889,0.561785948019
2497,LEAVE,244,-0.0390437654049,0.40410787631
1297,PRD
259,LEAVE,243,-0.2452,0.00930768107549
1294,LEAVE,216,0.0297,-0.0111231672807
2259,LEAVE,235,-0.0302858759403,0.384148056852
2258,LEAVE,142,-0.00589906346731,0.422561646957
2255,LEAVE,87,0.0214656563946,0.597776098986
2254,LEAVE,205,0.0809308263473,0.581192860483
2252,PRD
2250,LEAVE,205,0.12953172903,0.501549869889
2476,PRD
989,LEAVE,83,-0.267978976111,0.442167712901
2473,LEAVE,6,-0.519373741211,-0.0247453801108
2471,PRD
983,PRD
980,LEAVE,176,-0.359869554306,0.589455810775
981,LEAVE,32,-0.289429022867,0.477489910758
986,LEAVE,176,-0.351860276147,0.676835588122
2479,LEAVE,89,-0.238339412387,0.403255047299
985,LEAVE,32,-0.0203620734215,-0.0130046306443
115,LEAVE,166,0.484731142537,0.00148259618792
252,LEAVE,243,-0.1028,-0.0365996821625
116,LEAVE,237,0.1161,-0.0409026848834
113,PRD
119,LEAVE,194,0.016218201513,0.510358053799
2785,PRD
2787,SUM
2780,PRD
2783,LEAVE,240,-0.290109833312,-0.00368747402876
2782,LEAVE,186,0.0323243385834,0.362873316571
2789,PRD
2079,LEAVE,159,-0.0689674343846,0.371167688652
2072,PRD
2070,LEAVE,9,-0.0540298672914,0.514618037408
2077,PRD
2075,LEAVE,159,-0.0530696899062,0.156845083871
2074,LEAVE,9,-0.00574972059092,0.140075032196
2671,PRD
2673,LEAVE,117,-0.941442291667,-0.0201245295216
2674,LEAVE,141,0.262590279687,-0.0123538045533
2676,PRD
2679,LEAVE,141,0.629915177066,-0.0302372029707
2678,LEAVE,117,0.0784918260893,-0.0221527989048
2929,LEAVE,86,0.126101984821,-0.00336549649734
2928,LEAVE,61,0.223690344043,-0.00391817390903
2923,LEAVE,31,0.14384610822,0.510045040473
2922,LEAVE,184,0.0373957314922,0.347618103556
2924,SUM
2926,PRD
1986,PRD
1631,PRD
1984,LEAVE,64,0.458388730341,0.487418441958
1633,LEAVE,65,-0.141913954308,0.373699581584
1634,LEAVE,247,-0.239484026618,0.68660619755
1983,LEAVE,2,-0.0525021381044,0.483090543014
1636,PRD
1981,PRD
1638,LEAVE,65,0.55793368241,0.301135180719
1639,LEAVE,247,-0.223489680411,0.663369304063
1988,LEAVE,2,-0.411459451157,-0.0241651749213
1989,LEAVE,64,0.199088810732,0.561960136667
568,LEAVE,177,0.223840054228,0.499158263034
2814,LEAVE,240,-0.126039290114,0.256241855081
2817,LEAVE,221,0.27011502291,0.529184188528
2811,PRD
2813,LEAVE,186,0.076513200487,0.483808985938
560,PRD
562,LEAVE,30,4.00922039716,0.00535748144778
563,SUM
2819,LEAVE,15,0.16901025084,0.434964813683
565,PRD
567,LEAVE,9,0.0595637623951,0.00733898890134
3178,LEAVE,116,-0.132052291722,-0.0121855692933
3170,PRD
3173,LEAVE,82,-0.281293844092,0.407035732902
3172,LEAVE,116,-0.181464963782,0.559587739211
3175,PRD
3177,LEAVE,82,-0.160556988416,0.484551675635
1188,LEAVE,48,-0.107179164007,-0.0207339586402
1189,LEAVE,141,0.626947794476,-0.0351311257332
1186,PRD
1184,LEAVE,141,0.111505011918,0.439585015983
1183,LEAVE,48,-0.0414673264574,0.356770568737
1181,PRD
726,LEAVE,109,-0.108225948849,0.424711339941
727,SUM
724,LEAVE,215,0.0902,-0.0419377599661
725,LEAVE,100,0.269803070661,0.376929187173
1748,LEAVE,120,0.101057281002,-0.00790339301079
720,LEAVE,206,-0.4285,-0.0196778818435
721,LEAVE,23,0.239613229304,0.362288025906
1745,PRD
1747,LEAVE,22,0.150945414112,0.409893266883
1741,PRD
1743,SUM
1165,PRD
1167,LEAVE,48,0.030363372897,-0.0127758161184
1161,PRD
1163,SUM
1168,LEAVE,141,0.0270460841777,0.00400937136512
49,PRD
46,LEAVE,200,0.0134,-0.0326180689433
47,SUM
45,LEAVE,150,0.307040742159,0.560201097889
42,LEAVE,211,0.1196,-0.0229820169812
41,LEAVE,27,-0.0248968524116,-0.0267913295639
1568,PRD
1299,LEAVE,216,0.0297,-0.00474445276489
1560,LEAVE,194,-0.0263398934078,0.406642541924
1561,SUM
1290,SUM
1563,PRD
1565,LEAVE,166,-0.0705322555392,0.361480508844
1566,LEAVE,125,-0.931297094634,0.782710781213
1295,LEAVE,7,-1.51452192994,0.210446248364
1714,LEAVE,168,-0.781395791671,0.00419024752632
472,PRD
1367,LEAVE,228,0.3059,-0.0249381245108
470,LEAVE,21,0.495442835425,-0.0253621580081
1365,PRD
1363,SUM
474,LEAVE,157,0.196154045722,0.566211366021
475,LEAVE,21,0.117912849387,0.375107700369
479,SUM
1368,LEAVE,155,0.153874722686,0.586962935164
####EDGES####
346,348
346,349
341,343
341,344
2318,2320
2318,2321
2313,2315
2313,2316
2311,2313,-0.0184381017598
2311,2318,-0.00403434053745
2311,2323,-0.00615290909939
297,299
297,300
292,294
292,295
274,276
274,277
2266,2268
2266,2269
2264,2266,-0.00762956548227
2264,2271,-0.0318962178428
2264,2287,-0.0297322610733
2264,2292,-0.016948955748
2444,2446
2444,2447
2449,2451
2449,2452
101,103
101,104
106,108
106,109
2047,2049
2047,2050
2042,2044
2042,2045
2040,2042,-0.00922509140672
2040,2047,-0.0126110123736
2040,2052,-0.0218296269422
2737,2739
2737,2740
2686,2688
2686,2689
2681,2683
2681,2684
91,93
91,94
96,98
96,99
1626,1628
1626,1629
1629,1631,-0.046073314446
1629,1636,-0.0420497005853
2863,2865
2863,2866
2868,2870
2868,2871
554,556
554,557
554,558
552,554,-0.0138182169774
552,560,-0.00715602886928
552,587,-0.0178473698968
552,614,-0.0149646356887
1191,1193
1191,1194
1196,1198
1196,1199
1755,1757
1755,1758
1750,1752
1750,1753
1177,1179
1170,1172
1170,1173
1179,1181,-0.0216971653184
1179,1186,-0.00248705378152
1179,1191,-0.0250606482359
1179,1196,-0.0169845198012
511,513
511,514
1281,1283
1281,1284
1579,1581,0.286371881997
1579,1586,0.495912718249
1579,1591,2.63719403003
689,691,-0.017740286632
689,696,-0.0326799947642
689,701,-0.0151797118344
685,687,-0.0132483567723
685,708,-0.0212742345671
685,713,-0.0249974357573
685,718,-0.0158186663063
687,689
516,518
516,519
1226,1228,-0.0406748910485
1226,1233,-0.017309961963
1226,1238,-0.0159430135781
1226,1243,-0.00859714298941
2743,2745,-0.0183699738685
2743,2750,-0.00496559202725
2743,2755,-0.0175895861204
2743,2771,-0.00487866266635
406,408
406,409
1378,1380
1378,1381
370,372
370,373
375,377
375,378
391,393
391,394
2300,2302
2300,2303
2305,2307
2305,2308
244,246
244,247
249,251
249,252
2275,2277
2275,2278
2271,2273
2273,2275,-0.0339955318075
2273,2280,-0.0101514686796
2458,2460,0.725924169475
2458,2483,3.11202492394
2458,2508,0.324773874141
174,176
174,177
174,178
172,174,-0.0218027320956
172,180,-0.0251243889393
172,186,-0.0181039084651
2052,2054
2052,2055
1507,1509
1507,1510
1505,1507,3.75485380724
1505,1512,0.226524855352
3082,3084,-0.00724499545413
3082,3089,-0.0342434508808
2693,2695
2693,2696
1619,1621
1619,1622
1614,1616
1614,1617
1960,1962
1960,1963
2879,2881,-0.0115469492276
2879,2886,-0.00849172686787
2879,2891,-0.0189348348493
2879,2896,-0.00269587114289
1762,1764
1762,1765
1144,1146
1144,1147
1149,1151
1149,1152
2967,2969
2967,2970
1544,1546
1544,1547
691,693
691,694
1549,1551
1549,1552
542,544
542,545
415,417
415,418
1388,1390
1388,1391
411,413
413,415,-0.0210103277864
413,420,-0.00624710452462
413,425,-0.0163316913409
1383,1385
1383,1386
365,367
365,368
363,365,-0.020074448345
363,370,-0.0203473082408
363,375,-0.0213435990671
384,386,-0.0189767798945
384,391,-0.0312254430411
386,388
386,389
2191,2193,-0.0168521784726
2191,2198,-0.00477139353798
2191,2203,-0.0161013740194
2193,2195
2193,2196
2198,2200
2198,2201
256,258
256,259
2203,2205
2203,2206
2428,2430
2428,2431
2423,2425
2423,2426
163,165
163,166
2517,2519
2517,2520
2510,2512,-0.00665952050318
2510,2517,-0.0268833612708
2510,2522,-0.0069730065562
2510,2527,-0.0118944705877
2512,2514
2512,2515
1840,1842
1840,1843
2732,2734
2732,2735
679,681
679,682
1813,1815
1813,1816
1818,1820
1818,1821
2401,2403
2401,2404
1609,1611
1609,1612
1979,1981,2.41346434235
1979,1986,0.224615483057
1977,1979
1977,1992
1602,1604,-0.00396379844756
1602,1609,-0.0266219913917
1602,1614,-0.0252343904471
1602,1619,-0.00996708597499
1604,1606
1604,1607
1970,1972
1970,1973
800,802
800,803
805,807
805,808
2849,2851
2849,2852
2844,2846
2844,2847
1778,1780,-0.0129570725808
1778,1785,-0.0083140914746
1778,1790,-0.0147991201228
1778,1795,-0.0110557986748
1156,1158
1156,1159
3039,3041
3039,3042
1554,1556
1554,1557
54,56
54,57
3032,3034,0.283872995584
3032,3056,-0.00348324278483
3032,3062,4.96963865285
537,539
537,540
3034,3036
3034,3037
532,534
532,535
530,532,-0.0507383498606
530,537,-0.0173292808949
530,542,-0.0217591225117
1081,1083
1081,1084
3037,3039,-0.0145220996573
3037,3044,-0.00853269984773
3037,3049,-0.0175459164037
2997,2999
2997,3000
2997,3001
2997,3002
1393,1395
1393,1396
2182,2184
2182,2185
2212,2214,-0.0111819887762
2212,2219,-0.0073548315826
2212,2224,-0.00519776682494
2212,2229,-0.0129338415344
2214,2216
2214,2217
2219,2221
2219,2222
153,155
153,156
158,160
158,161
2437,2439,-0.00273804687897
2437,2444,-0.00278327308355
2437,2449,-0.0378189151687
2435,2437
2508,2510
2508,2533
2508,2534
2727,2729
2727,2730
2722,2724
2722,2725
2720,2722,0.38736642171
2720,2727,0.191101790171
2720,2732,-0.00570577186807
2720,2737,-0.0137366611003
1803,1805
1803,1806
1801,1803,-0.00813619933915
1801,1808,-0.00120760543464
1801,1813,-0.0179187856083
1801,1818,-0.0342664914888
1808,1810
1808,1811
1949,1951
1949,1952
1949,1953
1947,1949,-0.0113183227358
1947,1955,-0.00715390272392
1947,1977,-0.0458449042564
1947,1994,-0.0121884120452
810,812
810,813
2858,2860
2858,2861
1251,1253,-0.0205742078018
1251,1258,-0.00295681906465
1251,1263,-0.020447536218
2854,2856
2856,2858,-0.0305705951629
2856,2863,-0.0115357481522
2856,2868,-0.0123293425186
1494,1496
1494,1497
1994,1996
1994,1997
1994,1998
1700,1702
1700,1703
1705,1707
1705,1708
425,427
425,428
1121,1123
1121,1124
1126,1128
1126,1129
2988,2990
2988,2991
2983,2985
2983,2986
523,525
523,526
1012,1014
1012,1015
1233,1235
1233,1236
1238,1240
1238,1241
432,434
432,435
2464,2466,-0.0310945413655
2464,2471,-0.00698107937045
2464,2476,-0.00436636312
2466,2468
2466,2469
239,241
239,242
234,236
234,237
2460,2462
2460,2463
2460,2464
230,232
232,234,-0.0249807707621
232,239,-0.0238817361938
232,244,-0.0192036380209
232,249,-0.0249762593135
2229,2231
2229,2232
2224,2226
2224,2227
1,3,-0.0204874206596
1,1501,-0.00475488653229
146,148,-0.00638048509858
146,153,-0.0169954410264
146,158,-0.0125756491431
146,163,-0.01299807868
140,142
140,143
148,150
148,151
2083,2085,0.688085882635
2083,2090,0.402461962
2085,2087
2085,2088
2538,2540,-0.00668391046438
2538,2545,-0.00283261388678
2538,2550,-0.00342239104546
2538,2555,-0.00867147992701
2714,2716
2714,2717
1838,1840,-0.0156412729899
1838,1845,-0.00487773089015
939,941
939,942
2151,2153,-0.0125011960936
2151,2158,-0.0209198850936
2151,2163,-0.0200080699822
2153,2155
2153,2156
934,936
934,937
1955,1957
1955,1958
1958,1960,0.93449851333
1958,1965,0.378328965149
1958,1970,-0.00397582749148
3096,3098
3096,3099
3096,3100
825,827
825,828
825,829
823,825,-0.0101467969356
823,831,-0.0141233591491
823,837,-0.0209476793135
823,843,-0.0130151463261
1482,1484,-0.0562078397877
1482,1489,-0.0168884995022
1482,1494,-0.0164083610933
1484,1486
1484,1487
1489,1491
1489,1492
1712,1714
1712,1715
795,797
795,798
793,795,-0.0148192162286
793,800,344.190640731
793,805,-0.0152212388742
793,810,-0.0212178728863
790,792
790,793
1719,1721,0.428470887719
1719,1726,2.36513397115
1139,1141
1139,1142
1133,1135,-0.0174355891871
1133,1156,-0.00958222360138
1133,1161,-0.0186943933958
1133,1177,-0.0214483369744
2416,2418,-0.028259398693
2416,2423,-0.0098163576039
2416,2428,-0.00425365780629
1137,1139,-6.42314970962e-05
1137,1144,-0.00277450829395
1137,1149,-0.0330325295069
1135,1137
614,616
614,617
614,618
2418,2420
2418,2421
3012,3014
3012,3015
3017,3019
3017,3020
1007,1009
1007,1010
1002,1004
1002,1005
1000,1002,-0.0171657184877
1000,1007,-0.00149386394773
1000,1012,-0.0112688604921
623,625,-0.0147773965765
623,646,-0.00733336407228
623,651,-0.0222669635868
623,656,-0.0234307845437
1224,1226
627,629,-0.00539993981971
627,634,-0.0333238655222
627,639,-0.0113814363903
625,627
629,631
629,632
1228,1230
1228,1231
2881,2883
2881,2884
2886,2888
2886,2889
15,17
15,18
15,19
929,931
929,932
203,205
205,207,-0.0391160776356
205,212,-0.00787242118543
207,209
207,210
1573,1575
1573,1576
2235,2237,-0.00330093250204
2235,2242,-0.00789439518234
2235,2247,-0.00449128655543
2235,2252,-0.00685149064858
2237,2239
2237,2240
228,230,-0.0171331385253
228,256,-0.0215758825657
2090,2092
2090,2093
2527,2529
2527,2530
2522,2524
2522,2525
2709,2711
2709,2712
2950,2952,-0.00612871513873
2950,2957,-0.0410147316243
2950,2962,-0.0291071171769
2950,2967,-0.0047045519675
2704,2706
2704,2707
2702,2704,-0.00260192423639
2702,2709,-0.00853669098585
2702,2714,-0.00742720348236
2144,2146
2144,2147
2414,2416
927,929,-0.0195246969232
927,934,-0.00953619222908
927,939,-0.0218030870861
927,944,-0.0252168849663
1924,1926
1926,1928,-0.00651707737038
1926,1933,-0.00455991329689
1926,1938,-0.0228645713368
1928,1930
1928,1931
831,833
831,834
831,835
837,839
837,840
837,841
3,5
3,6
3,7
3,28
3,29
3,30
3,31
3,32
3,45
3,46
3,47
3,60
3,61
3,62
3,63
3,64
3,119
3,120
3,121
3,122
3,123
3,146
3,169
3,170
3,171
3,172
3,193
3,194
3,195
3,196
3,225
3,226
3,227
3,228
3,262
3,263
3,264
3,265
3,266
3,267
3,280
3,303
3,304
3,305
3,306
3,307
3,320
3,321
3,322
3,323
3,361
3,362
3,363
3,381
3,382
3,383
3,384
3,397
3,398
3,399
3,400
3,401
3,402
3,403
3,404
3,438
3,439
3,440
3,441
3,442
3,465
3,494
3,495
3,529
3,530
3,548
3,549
3,550
3,551
3,552
3,621
3,622
3,623
3,662
3,663
3,664
3,665
3,666
3,667
3,685
3,724
3,725
3,726
3,727
3,818
3,819
3,820
3,821
3,822
3,823
3,850
3,851
3,864
3,865
3,866
3,867
3,927
3,950
3,951
3,952
3,953
3,954
3,955
3,968
3,969
3,970
3,971
3,972
3,973
3,974
3,975
3,976
3,989
3,990
3,991
3,992
3,993
3,994
3,995
3,996
3,997
3,998
3,999
3,1000
3,1018
3,1019
3,1020
3,1021
3,1022
3,1045
3,1046
3,1047
3,1048
3,1049
3,1050
3,1051
3,1064
3,1087
3,1088
3,1089
3,1090
3,1091
3,1092
3,1093
3,1094
3,1112
3,1113
3,1114
3,1132
3,1133
3,1204
3,1205
3,1206
3,1207
3,1208
3,1209
3,1210
3,1211
3,1212
3,1251
3,1269
3,1270
3,1271
3,1272
3,1273
3,1274
3,1287
3,1288
3,1289
3,1290
3,1324
3,1363
3,1376
3,1399
3,1400
3,1418
3,1452
3,1453
3,1454
3,1455
3,1456
3,1457
3,1458
3,1481
3,1482
783,785
783,786
1726,1728
1726,1729
1721,1723
1721,1724
2439,2441
2439,2442
64,66,-0.0127756262458
64,71,-0.0177812073692
64,87,-0.0555589070317
64,113,-0.0175963059936
66,68
66,69
1370,1372
1370,1373
1581,1583
1581,1584
1586,1588
1586,1589
404,406,-0.0195648408415
404,411,-0.0043489075724
404,432,-0.0140895751474
1034,1036
1034,1037
501,503
501,504
1212,1214,-0.0166497503573
1212,1219,-0.0229023618881
1212,1224,-0.0237642461883
639,641
639,642
1376,1378,-0.025330212677
1376,1383,-0.00860526699106
1376,1388,-0.0394192928445
1376,1393,-0.015287765528
2891,2893
2891,2894
1458,1460,-0.00717898338422
1458,1465,-0.0202104295818
1458,1470,-0.0182863439207
1458,1475,-0.0216760461673
3071,3073,-0.00830274496902
3071,3079,-0.0148268385302
3071,3096,-0.00250486776959
3071,3102,-0.0116259532161
212,214
212,215
219,221
219,222
2550,2552
2550,2553
3005,3007,-0.0178994004243
3005,3012,-0.0060281857685
3005,3017,-0.00518380510776
3005,3022,-0.0126588260721
2555,2557
2555,2558
3007,3009
3007,3010
2396,2398
2396,2399
2391,2393
2391,2394
2778,2780,-0.00818572431509
2778,2785,-0.0144984458697
2778,2806,-0.0107633737575
2778,2811,-0.00366264914536
2771,2773
2771,2774
3165,3167
3165,3168
1855,1857,-0.006426398769
1855,1862,0.0335382995641
1855,1888,0.0782664707307
1857,1859
1857,1860
2172,2174
2172,2175
919,921
919,922
2177,2179
2177,2180
914,916
914,917
2604,2606
2604,2607
2602,2604,-0.00868760284184
2602,2609,-0.0224031425954
2602,2614,-0.00792436707387
2602,2619,-0.0149849108937
2609,2611
2609,2612
1933,1935
1933,1936
1938,1940
1938,1941
843,845
843,846
843,847
1734,1736,-0.0126581041709
1734,1741,-0.0195676366458
1734,1762,-0.0126676738041
1736,1738
1736,1739
1039,1041
1039,1042
753,755,-0.0351899759645
753,760,-0.00212413162138
751,753
751,766
755,757
755,758
1597,1599,-0.0364984392418
1597,1626,-0.00488039476555
1597,1643,-0.0282478804972
3073,3075
3073,3076
3073,3077
1591,1593
1591,1594
2957,2959
2957,2960
1599,1601
1599,1602
2952,2954
2952,2955
1024,1026
1024,1027
1022,1024,-0.0265120415848
1022,1029,-0.00704677947811
1022,1034,-0.0175091975492
1022,1039,-0.0233472141684
1029,1031
1029,1032
607,609
607,610
602,604
602,605
634,636
634,637
1214,1216
1214,1217
3102,3104
3102,3105
3102,3106
1446,1448
1446,1449
1116,1118
1116,1119
1219,1221
1219,1222
486,488
486,489
481,483
481,484
2896,2898
2896,2899
198,200
198,201
196,198,-0.0182200194654
196,203,-0.0085452183332
196,219,-0.0282942532196
1106,1108
1106,1109
2540,2542
2540,2543
2545,2547
2545,2548
2384,2386,-0.0034195550515
2384,2391,0.0171698729171
2384,2396,0.174574589464
2384,2401,-0.0162863905305
2386,2388
2386,2389
1101,1103
1101,1104
2764,2766
2764,2767
900,902
900,903
907,909,-0.0344277975748
907,914,-0.00297654495379
907,919,-0.00268352815922
905,907
420,422
420,423
909,911
909,912
1845,1847
1845,1848
2165,2167,-0.0104388449312
2165,2172,-0.0112528057849
2165,2177,-0.0426186587044
2165,2182,-0.0286015798234
2167,2169
2167,2170
2163,2165
2614,2616
2614,2617
2619,2621
2619,2622
1906,1908
1906,1909
1901,1903
1901,1904
851,853,-0.0238547554797
851,858,-0.0390414525816
853,855
853,856
858,860
858,861
744,746
744,747
3062,3064
3062,3065
3062,3066
2946,2948
2946,2949
2946,2950
1051,1053,-0.0200463286002
1051,1058,-0.0173576865347
1053,1055
1053,1056
1058,1060
1058,1061
1695,1697
1695,1698
1693,1695,-0.00324356323726
1693,1700,-0.0115754863328
1693,1705,-0.0342021107786
1691,1693
1276,1278
1276,1279
1795,1797
1795,1798
3117,3119
3117,3120
3112,3114
3112,3115
3110,3112,-0.00551384601298
3110,3117,-0.00370019908968
3110,3122,-0.00298762817164
3110,3127,-0.00415195366208
1470,1472
1470,1473
1475,1477
1475,1478
1304,1306,-0.0468198169873
1304,1311,-0.0196350510645
1306,1308
1306,1309
1302,1304
499,501,-0.015084362915
499,506,-0.0127562094974
499,511,-0.0187841425039
499,516,-0.0166920963089
495,497,-0.0386988696173
495,523,-0.00672215888251
497,499
21,23
21,24
21,25
7,9,-0.0279795267108
7,15,-0.0150959455458
7,21,-0.0155363961957
2280,2282
2280,2283
2287,2289
2287,2290
2579,2581
2579,2582
2574,2576
2574,2577
2572,2574,-0.00778389185191
2572,2579,-0.0362062159117
2572,2584,-0.00970284702541
2570,2572
2370,2372
2370,2373
2596,2598
2596,2599
2591,2593
2591,2594
1876,1878
1876,1879
1871,1873
1871,1874
976,978,-0.0340737284735
976,983,-0.00444785446563
978,980
978,981
180,182
180,183
180,184
186,188
186,189
186,190
2111,2113
2111,2114
2116,2118
2116,2119
2626,2628,-0.009282199059
2626,2633,-0.00988035783228
2628,2630
2628,2631
1919,1921
1919,1922
1911,1913
1911,1914
1917,1919,3.01021560779
1917,1924,0.318906332296
869,871
869,872
867,869,-0.0207184046153
867,874,-0.00893297764938
867,900,-0.0202977084553
867,905,-0.0204060501891
2755,2757
2022,2024
2022,2025
2029,2031
2029,2032
2759,2761
2759,2762
883,885
883,886
888,890
888,891
3149,3151
3149,3152
771,773,-0.0224306375158
771,778,-0.0264166616971
771,783,-0.0190557812527
773,775
773,776
778,780
778,781
75,77
75,78
73,75,-0.035240671382
73,80,-0.0310771514512
71,73
3056,3058
3056,3059
3056,3060
2976,2978,-0.0358437265443
2976,2983,-0.00666699187208
2976,2988,-0.00230577292838
2974,2976
2974,2994
2974,2995
1684,1686,0.0197157736949
1684,1691,0.155737817811
1684,1712,-0.00225664373208
1686,1688
1686,1689
669,671
669,672
1263,1265
1263,1266
3022,3024
3022,3025
3122,3124
3122,3125
3127,3129
3127,3130
1465,1467
1465,1468
1460,1462
1460,1463
1311,1313
1311,1314
1318,1320
1318,1321
314,316
314,317
2757,2759,-0.00852073459843
2757,2764,-0.0238749016907
1336,1338
2750,2752
2750,2753
1331,1333
1331,1334
2298,2300,-0.00429674143434
2298,2305,-0.0352363697668
2292,2294
2292,2295
2568,2570,-0.0149131952133
2568,2591,-0.00442130162451
2568,2596,-0.00837590860801
2365,2367
2365,2368
2360,2362
2360,2363
2584,2586
2584,2587
1862,1864
1864,1866,-0.022475208824
1864,1871,-0.0142218608685
1864,1876,-0.00627769073233
1864,1881,-0.00173610467138
1866,1868
1866,1869
962,964
962,965
2102,2104
2100,2102,-0.00503761057069
2100,2128,-0.0159241659496
2100,2144,-0.0133676820518
2106,2108
2106,2109
2104,2106,0.23115671979
2104,2111,0.0499526827471
2104,2116,1.30022498451
2104,2121,-0.00408661551343
2635,2637,-0.0142809191672
2635,2642,-0.0117744724292
2635,2647,-0.0095910145714
2637,2639
2637,2640
2633,2635
878,880
878,881
876,878,-0.00744010808052
876,883,-0.0178618223175
876,888,-0.0161605269086
876,893,-0.0244528768275
874,876
2745,2747
2745,2748
9,11
9,12
9,13
893,895
893,896
646,648
646,649
1537,1539,2.32704589798
1537,1544,1.1570542868
1537,1549,0.280995552388
1537,1554,0.341700583633
1965,1967
1965,1968
768,770
768,771
2962,2964
2962,2965
1780,1782
1780,1783
760,762
760,763
1785,1787
1785,1788
3049,3051
3049,3052
3044,3046
3044,3047
1076,1078
1076,1079
1071,1073
1071,1074
1678,1680
1678,1681
1673,1675
1673,1676
1094,1096,-0.0157939685372
1094,1101,-0.0171955700261
1094,1106,-0.0175058213188
1096,1098
1096,1099
674,676
674,677
1418,1420,-0.020092605365
1418,1425,-0.0256564689216
1418,1446,-0.0206104342831
1412,1414
1412,1415
1326,1328
1326,1329
1324,1326,-0.0220714202931
1324,1331,-0.0213740684843
1324,1336,-0.0451716322705
1525,1527
1525,1528
1520,1522
1520,1523
1253,1255
1253,1256
1258,1260
1258,1261
309,311
309,312
307,309,-0.0308708732706
307,314,-0.00705261960653
2978,2980
2978,2981
2358,2360,1.88000533443
2358,2365,1.72326033902
2358,2370,0.059556799695
2350,2352
2350,2353
1894,1896,-0.0081216497671
1894,1901,-0.00333600505644
1894,1906,-0.0176116552047
1894,1911,-0.0112469908735
1896,1898
1896,1899
2137,2139
2137,2140
2132,2134
2132,2135
2130,2132,0.372138341887
2130,2137,0.875220318366
955,957,-0.0387405749563
955,962,-0.0167404660997
957,959
957,960
477,479
2642,2644
2642,2645
2647,2649
2647,2650
2003,2005
2003,2006
2001,2003,-0.0151674698055
2001,2008,-0.00927405557666
2001,2013,-0.0115574552554
2001,2029,-0.00992383926802
2008,2010
2008,2011
506,508
506,509
667,669,-0.0198537135785
667,674,-0.0214827667114
667,679,-0.0248495938963
2911,2913
2911,2914
2916,2918
2916,2919
718,720
718,721
1790,1792
1790,1793
713,715
713,716
1064,1066,-0.0186923225177
1064,1071,-0.0150394756758
1064,1076,-0.0156318850249
1064,1081,379.358279085
1066,1068
1066,1069
1668,1670
1668,1671
1666,1668,-0.00421697100142
1666,1673,-0.00944453701816
1666,1678,-0.0299406423045
590,592,-0.00350404374909
590,597,-0.0241225914117
590,602,-0.0143879904682
590,607,-0.0206698879076
592,594
592,595
597,599
597,600
3142,3144,-0.0519030626079
3142,3149,-0.00269503280496
3142,3154,-0.00407450871806
3144,3146
3144,3147
2825,2827,-0.0113872813953
2825,2832,-0.00627053094736
2825,2837,-0.00408526149792
2827,2829
2827,2830
2821,2823,-0.00852442125939
2821,2844,-0.0117759328227
2821,2849,-0.0123372309998
2821,2854,-0.00277295240507
2823,2825
1402,1404
1402,1405
1400,1402,-0.0139762184946
1400,1407,-0.0125371308395
1400,1412,-0.00355683630058
1407,1409
1407,1410
449,451
449,452
1338,1340,-0.0288569146812
1338,1345,-0.0312800311223
1338,1350,-0.0394535788179
1338,1355,-0.0301612799448
442,444,-0.0196581542342
442,449,-0.0164240289442
442,454,-0.00924455706589
442,459,-0.0197120608371
444,446
444,447
696,698
696,699
39,41
39,42
32,34,-0.0185579927098
32,39,-0.0297758209556
34,36
34,37
1243,1245
1243,1246
1539,1541
1539,1542
339,341,-0.000856256714654
339,346,-0.0245927055068
337,339
337,352
331,333
331,334
331,335
2345,2347
2345,2348
2340,2342
2340,2343
1888,1890
1888,1891
1881,1883
1881,1884
2121,2123
2121,2124
944,946
944,947
2657,2659
2657,2660
2655,2657,-0.013619526869
2655,2662,-0.0132830952683
2655,2667,0.169140777589
2655,2693,0.0659926277349
130,132
130,133
135,137
135,138
2015,2017,-0.00175495280083
2015,2022,-0.034828985249
2017,2019
2017,2020
2013,2015
708,710
708,711
2906,2908
2906,2909
2904,2906,-0.00493893426944
2904,2911,-0.0139132389564
2904,2916,-0.0105162480017
701,703
701,704
89,91,-0.0198859560283
89,96,-0.0306079127867
89,101,-0.0185341811919
89,106,-0.0176752979116
80,82
80,83
87,89
1652,1654
1652,1655
1657,1659
1657,1660
587,589
587,590
580,582
580,583
3154,3156
3154,3157
2837,2839
2837,2840
2832,2834
2832,2835
1434,1436
1434,1437
1439,1441
1439,1442
459,461
459,462
1340,1342
1340,1343
454,456
454,457
1345,1347
1345,1348
656,658
656,659
1501,1503
1501,1504
1501,1505
1501,1518
1501,1531
1501,1532
1501,1533
1501,1534
1501,1535
1501,1536
1501,1537
1501,1560
1501,1561
1501,1579
1501,1597
1501,1666
1501,1684
1501,1718
1501,1719
1501,1732
1501,1733
1501,1734
1501,1768
1501,1769
1501,1770
1501,1771
1501,1772
1501,1773
1501,1774
1501,1775
1501,1776
1501,1777
1501,1778
1501,1801
1501,1824
1501,1825
1501,1826
1501,1827
1501,1828
1501,1829
1501,1830
1501,1831
1501,1832
1501,1833
1501,1834
1501,1835
1501,1836
1501,1837
1501,1838
1501,1851
1501,1852
1501,1853
1501,1854
1501,1855
1501,1894
1501,1917
1501,1946
1501,1947
1501,2001
1501,2035
1501,2036
1501,2037
1501,2038
1501,2039
1501,2040
1501,2058
1501,2059
1501,2060
1501,2061
1501,2062
1501,2063
1501,2064
1501,2065
1501,2083
1501,2096
1501,2097
1501,2098
1501,2099
1501,2100
1501,2150
1501,2151
1501,2190
1501,2191
1501,2209
1501,2210
1501,2211
1501,2212
1501,2235
1501,2258
1501,2259
1501,2260
1501,2261
1501,2262
1501,2263
1501,2264
1501,2298
1501,2311
1501,2329
1501,2330
1501,2331
1501,2332
1501,2333
1501,2334
1501,2335
1501,2336
1501,2337
1501,2338
1501,2356
1501,2357
1501,2358
1501,2376
1501,2377
1501,2378
1501,2379
1501,2380
1501,2381
1501,2382
1501,2383
1501,2384
1501,2407
1501,2457
1501,2458
1501,2537
1501,2538
1501,2561
1501,2562
1501,2563
1501,2564
1501,2565
1501,2566
1501,2567
1501,2568
1501,2602
1501,2625
1501,2626
1501,2655
1501,2699
1501,2700
1501,2701
1501,2702
1501,2720
1501,2743
1501,2777
1501,2778
1501,2817
1501,2818
1501,2819
1501,2820
1501,2821
1501,2876
1501,2877
1501,2878
1501,2879
1501,2902
1501,2903
1501,2904
1501,2922
1501,2923
1501,2924
1501,2937
1501,3005
1501,3028
1501,3029
1501,3030
1501,3031
1501,3032
1501,3069
1501,3070
1501,3071
1501,3109
1501,3110
1501,3133
1501,3134
1501,3135
1501,3136
1501,3137
1501,3138
1501,3139
1501,3140
1501,3141
1501,3142
1501,3160
1501,3161
1501,3162
1501,3163
1501,3181
1501,3182
1501,3183
3089,3091
3089,3092
651,653
651,654
3084,3086
3084,3087
2128,2130
323,325,-0.0404507828206
323,331,-0.0186525808444
323,337,-0.0164097290176
323,354,-0.0167854249979
325,327
325,328
325,329
2338,2340,1.36233339072
2338,2345,0.989345805326
2338,2350,-0.00950075843468
3079,3081
3079,3082
2487,2489
2487,2490
2487,2491
2485,2487,0.434117180712
2485,2493,0.0596110541605
2485,2499,-0.00867745169982
2483,2485
2483,2506
2247,2249
2247,2250
2242,2244
2242,2245
123,125,-0.0180610424502
123,130,-0.0212811722174
123,135,-0.00396527144439
123,140,-0.0138136309028
125,127
125,128
2799,2801
2799,2802
2065,2067,1.82938779056
2065,2072,0.7852668095
2065,2077,0.264376404517
2794,2796
2794,2797
2067,2069
2067,2070
2667,2669
2662,2664
2662,2665
2669,2671,-0.00803648209571
2669,2676,0.0517398835874
2669,2681,0.353630979247
2669,2686,-0.0124705358471
2939,2941
2939,2942
2939,2943
2939,2944
2937,2939,-0.0408002243599
2937,2946,-0.00752291599319
2937,2974,-0.008131356446
2937,2997,-0.0434418995154
2931,2933
2931,2934
1645,1647,-0.0315457698452
1645,1652,-0.0150844529786
1645,1657,-0.00273078525314
1647,1649
1647,1650
1643,1645
1643,1663
729,731
729,732
570,572
570,573
575,577
575,578
2806,2808
2806,2809
3163,3165,-0.0072245022551
3163,3170,-0.0156382047967
3163,3175,-0.0132669538112
1420,1422
1420,1423
1425,1427
1427,1429,-0.00601497988764
1427,1434,-0.0214442230728
1427,1439,-0.0236963840016
2407,2409,0.153225861844
2407,2414,0.0386350306679
2407,2435,-0.00728778047073
1429,1431
1429,1432
732,734,-0.0110809795296
732,739,-0.0233093167676
732,744,-0.00874516293466
734,736
734,737
739,741
739,742
465,467,-0.0189934742584
465,472,-0.0328909796798
465,477,-0.0221562441082
467,469
467,470
1350,1352
1350,1353
1355,1357
1355,1358
2158,2160
2158,2161
1518,1520,0.23633650749
1518,1525,3.14773543051
2409,2411
2409,2412
1274,1276,-0.0402705038256
1274,1281,-0.0217740943639
1512,1514
1512,1515
354,356
354,357
354,358
2323,2325
2323,2326
280,282,-0.0291147143487
280,287,-0.0136897774548
280,292,-0.00212264699699
280,297,-0.0209881901721
282,284
282,285
287,289
287,290
1114,1116,2.22430842898
1114,1121,0.278275923364
1114,1126,-0.0141521765807
1292,1294
1292,1295
267,269,-0.0142462262589
267,274,-0.0375480248998
269,271
269,272
2499,2501
2499,2502
2499,2503
2493,2495
2493,2496
2493,2497
1297,1299
1297,1300
2252,2254
2252,2255
2476,2478
2476,2479
2471,2473
2471,2474
983,985
983,986
113,115
113,116
2785,2787
2787,2789,-0.00636007940615
2787,2794,-0.00701977253019
2787,2799,-0.0110926473589
2780,2782
2780,2783
2789,2791
2789,2792
2072,2074
2072,2075
2077,2079
2077,2080
2671,2673
2671,2674
2676,2678
2676,2679
2924,2926,0.368429928067
2924,2931,5.66120977243
2926,2928
2926,2929
1986,1988
1986,1989
1631,1633
1631,1634
1636,1638
1636,1639
1981,1983
1981,1984
2811,2813
2811,2814
560,562
560,563
563,565,-0.00724905443583
563,570,-0.0185478283124
563,575,-0.0257850249423
563,580,-0.0195041555073
565,567
565,568
3170,3172
3170,3173
3175,3177
3175,3178
1186,1188
1186,1189
1181,1183
1181,1184
727,729,-0.0236983159674
727,751,-0.0174208653971
727,768,-0.00877172689835
727,790,-0.0133798651084
1745,1747
1745,1748
1741,1743
1743,1745,0.0434102672694
1743,1750,-0.00840220651238
1743,1755,0.397949472866
1165,1167
1165,1168
1161,1163
1163,1165,-0.000583656757614
1163,1170,-0.0318304552054
49,51
49,52
47,49,-0.015760523648
47,54,-0.00463737956713
1568,1570
1568,1571
1561,1563,-0.00990069776375
1561,1568,-0.00730441155119
1561,1573,-0.00607552767405
1290,1292,-0.0123172934043
1290,1297,-0.0157667685343
1290,1302,-0.0140841319224
1290,1318,383.960334988
1563,1565
1563,1566
472,474
472,475
1365,1367
1365,1368
1363,1365,-0.0199721927125
1363,1370,264.322154189
479,481,-0.0239713901612
479,486,-0.026128580883
